200 400
1 200
1 2
2 1
2 3
3 2
3 4
4 3
4 5
5 4
5 6
6 5
6 7
7 6
7 8
8 7
8 9
9 8
9 10
10 9
10 11
11 10
11 12
12 11
12 13
13 12
13 14
14 13
14 15
15 14
15 16
16 15
16 17
17 16
17 18
18 17
18 19
19 18
19 20
20 19
20 21
21 20
21 22
22 23
22 21
23 22
23 24
24 23
24 25
25 24
25 26
26 25
26 27
27 26
27 28
28 27
28 29
29 30
29 28
30 29
30 31
31 30
31 32
32 33
32 31
33 34
33 32
34 33
34 35
35 34
35 36
36 37
36 35
37 38
37 36
38 37
38 39
39 38
39 40
40 41
40 39
41 42
41 40
42 43
42 41
43 42
43 44
44 43
44 45
45 46
45 44
46 47
46 45
47 48
47 46
48 49
48 47
49 50
49 48
50 51
50 49
51 52
51 50
52 53
52 51
53 54
53 52
54 55
54 53
55 56
55 54
56 57
56 55
57 58
57 56
58 59
58 57
59 60
59 58
60 61
60 59
61 62
61 60
62 63
62 61
63 64
63 62
64 65
64 63
65 66
65 64
66 67
66 65
67 68
67 66
68 69
68 67
69 70
69 68
70 71
70 69
71 72
71 70
72 73
72 71
73 74
73 72
74 75
74 73
75 76
75 74
76 77
76 75
77 78
77 76
78 79
78 77
79 80
79 78
80 79
80 81
81 82
81 80
82 83
82 81
83 84
83 82
84 85
84 83
85 86
85 84
86 87
86 85
87 88
87 86
88 89
88 87
89 90
89 88
90 91
90 89
91 92
91 90
92 93
92 91
93 94
93 92
94 95
94 93
95 96
95 94
96 97
96 95
97 98
97 96
98 99
98 97
99 100
99 98
100 101
100 99
101 102
101 100
102 103
102 101
103 104
103 102
104 105
104 103
105 106
105 104
106 107
106 105
107 108
107 106
108 109
108 107
109 110
109 108
110 111
110 109
111 112
111 110
112 113
112 111
113 114
113 112
114 115
114 113
115 116
115 114
116 117
116 115
117 118
117 116
118 119
118 117
119 120
119 118
120 121
120 119
121 122
121 120
122 123
122 121
123 124
123 122
124 125
124 123
125 124
125 126
126 127
126 125
127 128
127 126
128 129
128 127
129 130
129 128
130 129
130 131
131 132
131 130
132 133
132 131
133 132
133 134
134 133
134 135
135 136
135 134
136 137
136 135
137 136
137 138
138 137
138 139
139 140
139 138
140 141
140 139
141 140
141 142
142 141
142 143
143 142
143 144
144 143
144 145
145 144
145 146
146 145
146 147
147 148
147 146
148 149
148 147
149 148
149 150
150 149
150 151
151 150
151 152
152 151
152 153
153 152
153 154
154 153
154 155
155 154
155 156
156 155
156 157
157 156
157 158
158 157
158 159
159 158
159 160
160 159
160 161
161 160
161 162
162 161
162 163
163 162
163 164
164 163
164 165
165 164
165 166
166 165
166 167
167 166
167 168
168 167
168 169
169 168
169 170
170 169
170 171
171 170
171 172
172 171
172 173
173 172
173 174
174 173
174 175
175 174
175 176
176 175
176 177
177 176
177 178
178 177
178 179
179 178
179 180
180 179
180 181
181 180
181 182
182 181
182 183
183 182
183 184
184 183
184 185
185 184
185 186
186 185
186 187
187 186
187 188
188 187
188 189
189 188
189 190
190 189
190 191
191 190
191 192
192 191
192 193
193 192
193 194
194 193
194 195
195 194
195 196
196 195
196 197
197 196
197 198
198 197
198 199
199 198
199 200
200 199
200 1
