400 800
1 400
1 2
2 1
2 3
3 2
3 4
4 3
4 5
5 4
5 6
6 5
6 7
7 6
7 8
8 7
8 9
9 8
9 10
10 9
10 11
11 10
11 12
12 11
12 13
13 12
13 14
14 13
14 15
15 14
15 16
16 15
16 17
17 16
17 18
18 17
18 19
19 18
19 20
20 19
20 21
21 20
21 22
22 21
22 23
23 22
23 24
24 23
24 25
25 24
25 26
26 25
26 27
27 26
27 28
28 27
28 29
29 28
29 30
30 29
30 31
31 30
31 32
32 31
32 33
33 32
33 34
34 33
34 35
35 34
35 36
36 35
36 37
37 36
37 38
38 37
38 39
39 38
39 40
40 39
40 41
41 40
41 42
42 41
42 43
43 42
43 44
44 45
44 43
45 44
45 46
46 45
46 47
47 46
47 48
48 47
48 49
49 48
49 50
50 49
50 51
51 50
51 52
52 51
52 53
53 52
53 54
54 53
54 55
55 54
55 56
56 57
56 55
57 56
57 58
58 57
58 59
59 60
59 58
60 59
60 61
61 60
61 62
62 63
62 61
63 62
63 64
64 63
64 65
65 66
65 64
66 67
66 65
67 66
67 68
68 67
68 69
69 70
69 68
70 69
70 71
71 70
71 72
72 73
72 71
73 74
73 72
74 75
74 73
75 74
75 76
76 75
76 77
77 78
77 76
78 79
78 77
79 80
79 78
80 79
80 81
81 80
81 82
82 83
82 81
83 84
83 82
84 85
84 83
85 86
85 84
86 85
86 87
87 86
87 88
88 89
88 87
89 90
89 88
90 91
90 89
91 92
91 90
92 93
92 91
93 94
93 92
94 95
94 93
95 96
95 94
96 97
96 95
97 98
97 96
98 99
98 97
99 100
99 98
100 101
100 99
101 102
101 100
102 103
102 101
103 104
103 102
104 105
104 103
105 106
105 104
106 107
106 105
107 108
107 106
108 109
108 107
109 110
109 108
110 111
110 109
111 112
111 110
112 113
112 111
113 114
113 112
114 115
114 113
115 116
115 114
116 117
116 115
117 118
117 116
118 119
118 117
119 120
119 118
120 121
120 119
121 122
121 120
122 123
122 121
123 124
123 122
124 125
124 123
125 126
125 124
126 127
126 125
127 128
127 126
128 129
128 127
129 130
129 128
130 131
130 129
131 132
131 130
132 133
132 131
133 134
133 132
134 135
134 133
135 136
135 134
136 137
136 135
137 138
137 136
138 139
138 137
139 140
139 138
140 141
140 139
141 142
141 140
142 143
142 141
143 142
143 144
144 145
144 143
145 146
145 144
146 147
146 145
147 148
147 146
148 149
148 147
149 150
149 148
150 151
150 149
151 152
151 150
152 153
152 151
153 154
153 152
154 155
154 153
155 156
155 154
156 157
156 155
157 158
157 156
158 157
158 159
159 160
159 158
160 161
160 159
161 162
161 160
162 163
162 161
163 164
163 162
164 165
164 163
165 166
165 164
166 167
166 165
167 168
167 166
168 169
168 167
169 170
169 168
170 171
170 169
171 172
171 170
172 173
172 171
173 174
173 172
174 175
174 173
175 176
175 174
176 177
176 175
177 178
177 176
178 179
178 177
179 180
179 178
180 181
180 179
181 182
181 180
182 183
182 181
183 184
183 182
184 185
184 183
185 186
185 184
186 187
186 185
187 188
187 186
188 189
188 187
189 190
189 188
190 191
190 189
191 192
191 190
192 193
192 191
193 194
193 192
194 195
194 193
195 196
195 194
196 197
196 195
197 198
197 196
198 199
198 197
199 200
199 198
200 201
200 199
201 202
201 200
202 203
202 201
203 204
203 202
204 205
204 203
205 206
205 204
206 207
206 205
207 208
207 206
208 209
208 207
209 210
209 208
210 211
210 209
211 212
211 210
212 213
212 211
213 214
213 212
214 215
214 213
215 216
215 214
216 217
216 215
217 218
217 216
218 219
218 217
219 220
219 218
220 221
220 219
221 222
221 220
222 223
222 221
223 224
223 222
224 225
224 223
225 226
225 224
226 227
226 225
227 228
227 226
228 229
228 227
229 230
229 228
230 231
230 229
231 232
231 230
232 233
232 231
233 234
233 232
234 235
234 233
235 236
235 234
236 237
236 235
237 238
237 236
238 239
238 237
239 240
239 238
240 241
240 239
241 242
241 240
242 243
242 241
243 242
243 244
244 245
244 243
245 246
245 244
246 247
246 245
247 248
247 246
248 249
248 247
249 250
249 248
250 249
250 251
251 252
251 250
252 253
252 251
253 252
253 254
254 255
254 253
255 256
255 254
256 257
256 255
257 258
257 256
258 257
258 259
259 260
259 258
260 261
260 259
261 260
261 262
262 263
262 261
263 264
263 262
264 263
264 265
265 264
265 266
266 267
266 265
267 268
267 266
268 267
268 269
269 270
269 268
270 271
270 269
271 270
271 272
272 271
272 273
273 274
273 272
274 275
274 273
275 274
275 276
276 275
276 277
277 276
277 278
278 279
278 277
279 280
279 278
280 279
280 281
281 280
281 282
282 281
282 283
283 282
283 284
284 285
284 283
285 286
285 284
286 285
286 287
287 286
287 288
288 287
288 289
289 288
289 290
290 289
290 291
291 290
291 292
292 291
292 293
293 294
293 292
294 295
294 293
295 294
295 296
296 295
296 297
297 296
297 298
298 297
298 299
299 298
299 300
300 299
300 301
301 300
301 302
302 301
302 303
303 302
303 304
304 303
304 305
305 304
305 306
306 305
306 307
307 306
307 308
308 307
308 309
309 308
309 310
310 309
310 311
311 310
311 312
312 311
312 313
313 312
313 314
314 313
314 315
315 314
315 316
316 315
316 317
317 316
317 318
318 317
318 319
319 318
319 320
320 319
320 321
321 320
321 322
322 321
322 323
323 322
323 324
324 323
324 325
325 324
325 326
326 325
326 327
327 326
327 328
328 327
328 329
329 328
329 330
330 329
330 331
331 330
331 332
332 331
332 333
333 332
333 334
334 333
334 335
335 334
335 336
336 335
336 337
337 336
337 338
338 337
338 339
339 338
339 340
340 339
340 341
341 340
341 342
342 341
342 343
343 342
343 344
344 343
344 345
345 344
345 346
346 345
346 347
347 346
347 348
348 347
348 349
349 348
349 350
350 349
350 351
351 350
351 352
352 351
352 353
353 352
353 354
354 353
354 355
355 354
355 356
356 355
356 357
357 356
357 358
358 357
358 359
359 358
359 360
360 359
360 361
361 360
361 362
362 361
362 363
363 362
363 364
364 363
364 365
365 364
365 366
366 365
366 367
367 366
367 368
368 367
368 369
369 368
369 370
370 369
370 371
371 370
371 372
372 371
372 373
373 372
373 374
374 373
374 375
375 374
375 376
376 375
376 377
377 376
377 378
378 377
378 379
379 378
379 380
380 379
380 381
381 380
381 382
382 381
382 383
383 382
383 384
384 383
384 385
385 384
385 386
386 385
386 387
387 386
387 388
388 387
388 389
389 388
389 390
390 389
390 391
391 390
391 392
392 391
392 393
393 392
393 394
394 393
394 395
395 394
395 396
396 395
396 397
397 396
397 398
398 397
398 399
399 398
399 400
400 399
400 1
