100 684
1 2
1 11
1 12
2 1
2 3
2 11
2 12
2 13
3 2
3 4
3 12
3 13
3 14
4 3
4 5
4 13
4 14
4 15
5 4
5 6
5 14
5 15
5 16
6 5
6 7
6 15
6 16
6 17
7 6
7 8
7 16
7 17
7 18
8 7
8 9
8 17
8 18
8 19
9 8
9 10
9 18
9 19
9 20
10 9
10 19
10 20
11 1
11 2
11 21
11 12
11 22
12 1
12 2
12 3
12 11
12 21
12 13
12 22
12 23
13 2
13 3
13 4
13 12
13 22
13 23
13 14
13 24
14 3
14 4
14 5
14 13
14 23
14 24
14 15
14 25
15 4
15 5
15 6
15 14
15 24
15 16
15 25
15 26
16 5
16 6
16 7
16 15
16 25
16 26
16 17
16 27
17 6
17 7
17 8
17 16
17 26
17 18
17 27
17 28
18 7
18 8
18 9
18 17
18 27
18 28
18 19
18 29
19 8
19 9
19 10
19 18
19 28
19 29
19 20
19 30
20 9
20 10
20 19
20 29
20 30
21 11
21 12
21 22
21 31
21 32
22 11
22 12
22 13
22 21
22 23
22 31
22 32
22 33
23 12
23 13
23 14
23 22
23 24
23 32
23 33
23 34
24 13
24 14
24 15
24 23
24 25
24 33
24 34
24 35
25 14
25 15
25 16
25 24
25 26
25 34
25 35
25 36
26 15
26 16
26 17
26 25
26 27
26 35
26 36
26 37
27 16
27 17
27 18
27 26
27 28
27 36
27 37
27 38
28 17
28 18
28 19
28 27
28 29
28 37
28 38
28 39
29 18
29 19
29 20
29 28
29 30
29 38
29 39
29 40
30 19
30 20
30 29
30 39
30 40
31 21
31 22
31 32
31 41
31 42
32 21
32 22
32 23
32 31
32 33
32 41
32 42
32 43
33 22
33 23
33 24
33 32
33 34
33 42
33 43
33 44
34 23
34 24
34 25
34 33
34 35
34 43
34 44
34 45
35 24
35 25
35 26
35 34
35 36
35 44
35 45
35 46
36 25
36 26
36 27
36 35
36 37
36 45
36 46
36 47
37 26
37 27
37 28
37 36
37 38
37 46
37 47
37 48
38 27
38 28
38 29
38 37
38 39
38 47
38 48
38 49
39 28
39 29
39 30
39 38
39 40
39 48
39 49
39 50
40 29
40 30
40 39
40 49
40 50
41 31
41 32
41 51
41 42
41 52
42 31
42 32
42 33
42 41
42 51
42 43
42 52
42 53
43 32
43 33
43 34
43 42
43 52
43 53
43 44
43 54
44 33
44 34
44 35
44 43
44 53
44 54
44 45
44 55
45 34
45 35
45 36
45 44
45 54
45 46
45 55
45 56
46 35
46 36
46 37
46 45
46 55
46 56
46 47
46 57
47 36
47 37
47 38
47 46
47 56
47 48
47 57
47 58
48 37
48 38
48 39
48 47
48 57
48 58
48 49
48 59
49 38
49 39
49 40
49 48
49 58
49 59
49 50
49 60
50 39
50 40
50 49
50 59
50 60
51 41
51 42
51 52
51 61
51 62
52 41
52 42
52 43
52 51
52 53
52 61
52 62
52 63
53 42
53 43
53 44
53 52
53 54
53 62
53 63
53 64
54 43
54 44
54 45
54 53
54 55
54 63
54 64
54 65
55 44
55 45
55 46
55 54
55 56
55 64
55 65
55 66
56 45
56 46
56 47
56 55
56 57
56 65
56 66
56 67
57 46
57 47
57 48
57 56
57 58
57 66
57 67
57 68
58 47
58 48
58 49
58 57
58 59
58 67
58 68
58 69
59 48
59 49
59 50
59 58
59 60
59 68
59 69
59 70
60 49
60 50
60 59
60 69
60 70
61 51
61 52
61 71
61 62
61 72
62 51
62 52
62 53
62 61
62 71
62 63
62 72
62 73
63 52
63 53
63 54
63 62
63 72
63 73
63 64
63 74
64 53
64 54
64 55
64 63
64 73
64 74
64 65
64 75
65 54
65 55
65 56
65 64
65 74
65 66
65 75
65 76
66 55
66 56
66 57
66 65
66 75
66 76
66 67
66 77
67 56
67 57
67 58
67 66
67 76
67 68
67 77
67 78
68 57
68 58
68 59
68 67
68 77
68 78
68 69
68 79
69 58
69 59
69 60
69 68
69 78
69 79
69 70
69 80
70 59
70 60
70 69
70 79
70 80
71 61
71 62
71 72
71 81
71 82
72 61
72 62
72 63
72 71
72 73
72 81
72 82
72 83
73 62
73 63
73 64
73 72
73 74
73 82
73 83
73 84
74 63
74 64
74 65
74 73
74 75
74 83
74 84
74 85
75 64
75 65
75 66
75 74
75 76
75 84
75 85
75 86
76 65
76 66
76 67
76 75
76 77
76 85
76 86
76 87
77 66
77 67
77 68
77 76
77 78
77 86
77 87
77 88
78 67
78 68
78 69
78 77
78 79
78 87
78 88
78 89
79 68
79 69
79 70
79 78
79 80
79 88
79 89
79 90
80 69
80 70
80 79
80 89
80 90
81 71
81 72
81 82
81 91
81 92
82 71
82 72
82 73
82 81
82 83
82 91
82 92
82 93
83 72
83 73
83 74
83 82
83 84
83 92
83 93
83 94
84 73
84 74
84 75
84 83
84 85
84 93
84 94
84 95
85 74
85 75
85 76
85 84
85 86
85 94
85 95
85 96
86 75
86 76
86 77
86 85
86 87
86 95
86 96
86 97
87 76
87 77
87 78
87 86
87 88
87 96
87 97
87 98
88 77
88 78
88 79
88 87
88 89
88 97
88 98
88 99
89 78
89 79
89 80
89 88
89 90
89 98
89 99
89 100
90 79
90 80
90 89
90 99
90 100
91 81
91 82
91 92
92 81
92 82
92 83
92 91
92 93
93 82
93 83
93 84
93 92
93 94
94 83
94 84
94 85
94 93
94 95
95 84
95 85
95 86
95 94
95 96
96 85
96 86
96 87
96 95
96 97
97 86
97 87
97 88
97 96
97 98
98 87
98 88
98 89
98 97
98 99
99 88
99 89
99 90
99 98
99 100
100 89
100 90
100 99
