20 110
1 2
1 5
1 6
2 1
2 3
2 5
2 6
2 7
3 2
3 4
3 6
3 7
3 8
4 3
4 7
4 8
5 1
5 2
5 9
5 6
5 10
6 1
6 2
6 3
6 5
6 9
6 7
6 10
6 11
7 2
7 3
7 4
7 6
7 10
7 11
7 8
7 12
8 3
8 4
8 7
8 11
8 12
9 5
9 6
9 10
9 13
9 14
10 5
10 6
10 7
10 9
10 11
10 13
10 14
10 15
11 6
11 7
11 8
11 10
11 12
11 14
11 15
11 16
12 7
12 8
12 11
12 15
12 16
13 9
13 10
13 17
13 14
13 18
14 9
14 10
14 11
14 13
14 17
14 15
14 18
14 19
15 10
15 11
15 12
15 14
15 18
15 19
15 16
15 20
16 11
16 12
16 15
16 19
16 20
17 13
17 14
17 18
18 13
18 14
18 15
18 17
18 19
19 14
19 15
19 16
19 18
19 20
20 15
20 16
20 19
