200 1432
1 2
1 15
1 16
2 1
2 3
2 15
2 16
2 17
3 2
3 4
3 16
3 17
3 18
4 3
4 5
4 17
4 18
4 19
5 4
5 6
5 18
5 19
5 20
6 5
6 7
6 19
6 20
6 21
7 6
7 8
7 20
7 21
7 22
8 7
8 9
8 21
8 22
8 23
9 8
9 10
9 22
9 23
9 24
10 9
10 11
10 23
10 24
10 25
11 10
11 12
11 24
11 25
11 26
12 11
12 13
12 25
12 26
12 27
13 12
13 14
13 26
13 27
13 28
14 13
14 27
14 28
15 1
15 2
15 29
15 16
15 30
16 1
16 2
16 3
16 15
16 29
16 17
16 30
16 31
17 2
17 3
17 4
17 16
17 30
17 31
17 18
17 32
18 3
18 4
18 5
18 17
18 31
18 32
18 19
18 33
19 4
19 5
19 6
19 18
19 32
19 20
19 33
19 34
20 5
20 6
20 7
20 19
20 33
20 34
20 21
20 35
21 6
21 7
21 8
21 20
21 34
21 22
21 35
21 36
22 7
22 8
22 9
22 21
22 35
22 36
22 23
22 37
23 8
23 9
23 10
23 22
23 36
23 37
23 24
23 38
24 9
24 10
24 11
24 23
24 37
24 25
24 38
24 39
25 10
25 11
25 12
25 24
25 38
25 39
25 26
25 40
26 11
26 12
26 13
26 25
26 39
26 40
26 27
26 41
27 12
27 13
27 14
27 26
27 40
27 28
27 41
27 42
28 13
28 14
28 27
28 41
28 42
29 15
29 16
29 30
29 43
29 44
30 15
30 16
30 17
30 29
30 31
30 43
30 44
30 45
31 16
31 17
31 18
31 30
31 32
31 44
31 45
31 46
32 17
32 18
32 19
32 31
32 33
32 45
32 46
32 47
33 18
33 19
33 20
33 32
33 34
33 46
33 47
33 48
34 19
34 20
34 21
34 33
34 35
34 47
34 48
34 49
35 20
35 21
35 22
35 34
35 36
35 48
35 49
35 50
36 21
36 22
36 23
36 35
36 37
36 49
36 50
36 51
37 22
37 23
37 24
37 36
37 38
37 50
37 51
37 52
38 23
38 24
38 25
38 37
38 39
38 51
38 52
38 53
39 24
39 25
39 26
39 38
39 40
39 52
39 53
39 54
40 25
40 26
40 27
40 39
40 41
40 53
40 54
40 55
41 26
41 27
41 28
41 40
41 42
41 54
41 55
41 56
42 27
42 28
42 41
42 55
42 56
43 29
43 30
43 44
43 57
43 58
44 29
44 30
44 31
44 43
44 45
44 57
44 58
44 59
45 30
45 31
45 32
45 44
45 46
45 58
45 59
45 60
46 31
46 32
46 33
46 45
46 47
46 59
46 60
46 61
47 32
47 33
47 34
47 46
47 48
47 60
47 61
47 62
48 33
48 34
48 35
48 47
48 49
48 61
48 62
48 63
49 34
49 35
49 36
49 48
49 50
49 62
49 63
49 64
50 35
50 36
50 37
50 49
50 51
50 63
50 64
50 65
51 36
51 37
51 38
51 50
51 52
51 64
51 65
51 66
52 37
52 38
52 39
52 51
52 53
52 65
52 66
52 67
53 38
53 39
53 40
53 52
53 54
53 66
53 67
53 68
54 39
54 40
54 41
54 53
54 55
54 67
54 68
54 69
55 40
55 41
55 42
55 54
55 56
55 68
55 69
55 70
56 41
56 42
56 55
56 69
56 70
57 43
57 44
57 71
57 58
57 72
58 43
58 44
58 45
58 57
58 71
58 59
58 72
58 73
59 44
59 45
59 46
59 58
59 72
59 73
59 60
59 74
60 45
60 46
60 47
60 59
60 73
60 74
60 61
60 75
61 46
61 47
61 48
61 60
61 74
61 62
61 75
61 76
62 47
62 48
62 49
62 61
62 75
62 76
62 63
62 77
63 48
63 49
63 50
63 62
63 76
63 64
63 77
63 78
64 49
64 50
64 51
64 63
64 77
64 78
64 65
64 79
65 50
65 51
65 52
65 64
65 78
65 79
65 66
65 80
66 51
66 52
66 53
66 65
66 79
66 67
66 80
66 81
67 52
67 53
67 54
67 66
67 80
67 81
67 68
67 82
68 53
68 54
68 55
68 67
68 81
68 82
68 69
68 83
69 54
69 55
69 56
69 68
69 82
69 70
69 83
69 84
70 55
70 56
70 69
70 83
70 84
71 57
71 58
71 72
71 85
71 86
72 57
72 58
72 59
72 71
72 73
72 85
72 86
72 87
73 58
73 59
73 60
73 72
73 74
73 86
73 87
73 88
74 59
74 60
74 61
74 73
74 75
74 87
74 88
74 89
75 60
75 61
75 62
75 74
75 76
75 88
75 89
75 90
76 61
76 62
76 63
76 75
76 77
76 89
76 90
76 91
77 62
77 63
77 64
77 76
77 78
77 90
77 91
77 92
78 63
78 64
78 65
78 77
78 79
78 91
78 92
78 93
79 64
79 65
79 66
79 78
79 80
79 92
79 93
79 94
80 65
80 66
80 67
80 79
80 81
80 93
80 94
80 95
81 66
81 67
81 68
81 80
81 82
81 94
81 95
81 96
82 67
82 68
82 69
82 81
82 83
82 95
82 96
82 97
83 68
83 69
83 70
83 82
83 84
83 96
83 97
83 98
84 69
84 70
84 83
84 97
84 98
85 71
85 72
85 99
85 86
85 100
86 71
86 72
86 73
86 85
86 99
86 87
86 100
86 101
87 72
87 73
87 74
87 86
87 100
87 101
87 88
87 102
88 73
88 74
88 75
88 87
88 101
88 102
88 89
88 103
89 74
89 75
89 76
89 88
89 102
89 90
89 103
89 104
90 75
90 76
90 77
90 89
90 103
90 104
90 91
90 105
91 76
91 77
91 78
91 90
91 104
91 92
91 105
91 106
92 77
92 78
92 79
92 91
92 105
92 106
92 93
92 107
93 78
93 79
93 80
93 92
93 106
93 107
93 94
93 108
94 79
94 80
94 81
94 93
94 107
94 95
94 108
94 109
95 80
95 81
95 82
95 94
95 108
95 109
95 96
95 110
96 81
96 82
96 83
96 95
96 109
96 110
96 97
96 111
97 82
97 83
97 84
97 96
97 110
97 98
97 111
97 112
98 83
98 84
98 97
98 111
98 112
99 85
99 86
99 100
99 113
99 114
100 85
100 86
100 87
100 99
100 101
100 113
100 114
100 115
101 86
101 87
101 88
101 100
101 102
101 114
101 115
101 116
102 87
102 88
102 89
102 101
102 103
102 115
102 116
102 117
103 88
103 89
103 90
103 102
103 104
103 116
103 117
103 118
104 89
104 90
104 91
104 103
104 105
104 117
104 118
104 119
105 90
105 91
105 92
105 104
105 106
105 118
105 119
105 120
106 91
106 92
106 93
106 105
106 107
106 119
106 120
106 121
107 92
107 93
107 94
107 106
107 108
107 120
107 121
107 122
108 93
108 94
108 95
108 107
108 109
108 121
108 122
108 123
109 94
109 95
109 96
109 108
109 110
109 122
109 123
109 124
110 95
110 96
110 97
110 109
110 111
110 123
110 124
110 125
111 96
111 97
111 98
111 110
111 112
111 124
111 125
111 126
112 97
112 98
112 111
112 125
112 126
113 99
113 100
113 114
113 127
113 128
114 99
114 100
114 101
114 113
114 115
114 127
114 128
114 129
115 100
115 101
115 102
115 114
115 116
115 128
115 129
115 130
116 101
116 102
116 103
116 115
116 117
116 129
116 130
116 131
117 102
117 103
117 104
117 116
117 118
117 130
117 131
117 132
118 103
118 104
118 105
118 117
118 119
118 131
118 132
118 133
119 104
119 105
119 106
119 118
119 120
119 132
119 133
119 134
120 105
120 106
120 107
120 119
120 121
120 133
120 134
120 135
121 106
121 107
121 108
121 120
121 122
121 134
121 135
121 136
122 107
122 108
122 109
122 121
122 123
122 135
122 136
122 137
123 108
123 109
123 110
123 122
123 124
123 136
123 137
123 138
124 109
124 110
124 111
124 123
124 125
124 137
124 138
124 139
125 110
125 111
125 112
125 124
125 126
125 138
125 139
125 140
126 111
126 112
126 125
126 139
126 140
127 113
127 114
127 141
127 128
127 142
128 113
128 114
128 115
128 127
128 141
128 129
128 142
128 143
129 114
129 115
129 116
129 128
129 142
129 143
129 130
129 144
130 115
130 116
130 117
130 129
130 143
130 144
130 131
130 145
131 116
131 117
131 118
131 130
131 144
131 132
131 145
131 146
132 117
132 118
132 119
132 131
132 145
132 146
132 133
132 147
133 118
133 119
133 120
133 132
133 146
133 134
133 147
133 148
134 119
134 120
134 121
134 133
134 147
134 148
134 135
134 149
135 120
135 121
135 122
135 134
135 148
135 149
135 136
135 150
136 121
136 122
136 123
136 135
136 149
136 137
136 150
136 151
137 122
137 123
137 124
137 136
137 150
137 151
137 138
137 152
138 123
138 124
138 125
138 137
138 151
138 152
138 139
138 153
139 124
139 125
139 126
139 138
139 152
139 140
139 153
139 154
140 125
140 126
140 139
140 153
140 154
141 127
141 128
141 142
141 155
141 156
142 127
142 128
142 129
142 141
142 143
142 155
142 156
142 157
143 128
143 129
143 130
143 142
143 144
143 156
143 157
143 158
144 129
144 130
144 131
144 143
144 145
144 157
144 158
144 159
145 130
145 131
145 132
145 144
145 146
145 158
145 159
145 160
146 131
146 132
146 133
146 145
146 147
146 159
146 160
146 161
147 132
147 133
147 134
147 146
147 148
147 160
147 161
147 162
148 133
148 134
148 135
148 147
148 149
148 161
148 162
148 163
149 134
149 135
149 136
149 148
149 150
149 162
149 163
149 164
150 135
150 136
150 137
150 149
150 151
150 163
150 164
150 165
151 136
151 137
151 138
151 150
151 152
151 164
151 165
151 166
152 137
152 138
152 139
152 151
152 153
152 165
152 166
152 167
153 138
153 139
153 140
153 152
153 154
153 166
153 167
153 168
154 139
154 140
154 153
154 167
154 168
155 141
155 142
155 156
155 169
155 170
156 141
156 142
156 143
156 155
156 157
156 169
156 170
156 171
157 142
157 143
157 144
157 156
157 158
157 170
157 171
157 172
158 143
158 144
158 145
158 157
158 159
158 171
158 172
158 173
159 144
159 145
159 146
159 158
159 160
159 172
159 173
159 174
160 145
160 146
160 147
160 159
160 161
160 173
160 174
160 175
161 146
161 147
161 148
161 160
161 162
161 174
161 175
161 176
162 147
162 148
162 149
162 161
162 163
162 175
162 176
162 177
163 148
163 149
163 150
163 162
163 164
163 176
163 177
163 178
164 149
164 150
164 151
164 163
164 165
164 177
164 178
164 179
165 150
165 151
165 152
165 164
165 166
165 178
165 179
165 180
166 151
166 152
166 153
166 165
166 167
166 179
166 180
166 181
167 152
167 153
167 154
167 166
167 168
167 180
167 181
167 182
168 153
168 154
168 167
168 181
168 182
169 155
169 156
169 183
169 170
169 184
170 155
170 156
170 157
170 169
170 183
170 171
170 184
170 185
171 156
171 157
171 158
171 170
171 184
171 185
171 172
171 186
172 157
172 158
172 159
172 171
172 185
172 186
172 173
172 187
173 158
173 159
173 160
173 172
173 186
173 174
173 187
173 188
174 159
174 160
174 161
174 173
174 187
174 188
174 175
174 189
175 160
175 161
175 162
175 174
175 188
175 176
175 189
175 190
176 161
176 162
176 163
176 175
176 189
176 190
176 177
176 191
177 162
177 163
177 164
177 176
177 190
177 191
177 178
177 192
178 163
178 164
178 165
178 177
178 191
178 179
178 192
178 193
179 164
179 165
179 166
179 178
179 192
179 193
179 180
179 194
180 165
180 166
180 167
180 179
180 193
180 194
180 181
180 195
181 166
181 167
181 168
181 180
181 194
181 182
181 195
181 196
182 167
182 168
182 181
182 195
182 196
183 169
183 170
183 184
183 197
183 198
184 169
184 170
184 171
184 183
184 185
184 197
184 198
184 199
185 170
185 171
185 172
185 184
185 186
185 198
185 199
185 200
186 171
186 172
186 173
186 185
186 187
186 199
186 200
187 172
187 173
187 174
187 186
187 188
187 200
188 173
188 174
188 175
188 187
188 189
189 174
189 175
189 176
189 188
189 190
190 175
190 176
190 177
190 189
190 191
191 176
191 177
191 178
191 190
191 192
192 177
192 178
192 179
192 191
192 193
193 178
193 179
193 180
193 192
193 194
194 179
194 180
194 181
194 193
194 195
195 180
195 181
195 182
195 194
195 196
196 181
196 182
196 195
197 183
197 184
197 198
198 183
198 184
198 185
198 197
198 199
199 184
199 185
199 186
199 198
199 200
200 185
200 186
200 187
200 199
