400 2964
1 2
1 21
1 22
2 1
2 3
2 21
2 22
2 23
3 2
3 4
3 22
3 23
3 24
4 3
4 5
4 23
4 24
4 25
5 4
5 6
5 24
5 25
5 26
6 5
6 7
6 25
6 26
6 27
7 6
7 8
7 26
7 27
7 28
8 7
8 9
8 27
8 28
8 29
9 8
9 10
9 28
9 29
9 30
10 9
10 11
10 29
10 30
10 31
11 10
11 12
11 30
11 31
11 32
12 11
12 13
12 31
12 32
12 33
13 12
13 14
13 32
13 33
13 34
14 13
14 15
14 33
14 34
14 35
15 14
15 16
15 34
15 35
15 36
16 15
16 17
16 35
16 36
16 37
17 16
17 18
17 36
17 37
17 38
18 17
18 19
18 37
18 38
18 39
19 18
19 20
19 38
19 39
19 40
20 19
20 39
20 40
21 1
21 2
21 41
21 22
21 42
22 1
22 2
22 3
22 21
22 41
22 23
22 42
22 43
23 2
23 3
23 4
23 22
23 42
23 43
23 24
23 44
24 3
24 4
24 5
24 23
24 43
24 44
24 25
24 45
25 4
25 5
25 6
25 24
25 44
25 26
25 45
25 46
26 5
26 6
26 7
26 25
26 45
26 46
26 27
26 47
27 6
27 7
27 8
27 26
27 46
27 47
27 28
27 48
28 7
28 8
28 9
28 27
28 47
28 29
28 48
28 49
29 8
29 9
29 10
29 28
29 48
29 49
29 30
29 50
30 9
30 10
30 11
30 29
30 49
30 31
30 50
30 51
31 10
31 11
31 12
31 30
31 50
31 51
31 32
31 52
32 11
32 12
32 13
32 31
32 51
32 52
32 33
32 53
33 12
33 13
33 14
33 32
33 52
33 34
33 53
33 54
34 13
34 14
34 15
34 33
34 53
34 54
34 35
34 55
35 14
35 15
35 16
35 34
35 54
35 55
35 36
35 56
36 15
36 16
36 17
36 35
36 55
36 37
36 56
36 57
37 16
37 17
37 18
37 36
37 56
37 57
37 38
37 58
38 17
38 18
38 19
38 37
38 57
38 58
38 39
38 59
39 18
39 19
39 20
39 38
39 58
39 40
39 59
39 60
40 19
40 20
40 39
40 59
40 60
41 21
41 22
41 42
41 61
41 62
42 21
42 22
42 23
42 41
42 43
42 61
42 62
42 63
43 22
43 23
43 24
43 42
43 44
43 62
43 63
43 64
44 23
44 24
44 25
44 43
44 45
44 63
44 64
44 65
45 24
45 25
45 26
45 44
45 46
45 64
45 65
45 66
46 25
46 26
46 27
46 45
46 47
46 65
46 66
46 67
47 26
47 27
47 28
47 46
47 48
47 66
47 67
47 68
48 27
48 28
48 29
48 47
48 49
48 67
48 68
48 69
49 28
49 29
49 30
49 48
49 50
49 68
49 69
49 70
50 29
50 30
50 31
50 49
50 51
50 69
50 70
50 71
51 30
51 31
51 32
51 50
51 52
51 70
51 71
51 72
52 31
52 32
52 33
52 51
52 53
52 71
52 72
52 73
53 32
53 33
53 34
53 52
53 54
53 72
53 73
53 74
54 33
54 34
54 35
54 53
54 55
54 73
54 74
54 75
55 34
55 35
55 36
55 54
55 56
55 74
55 75
55 76
56 35
56 36
56 37
56 55
56 57
56 75
56 76
56 77
57 36
57 37
57 38
57 56
57 58
57 76
57 77
57 78
58 37
58 38
58 39
58 57
58 59
58 77
58 78
58 79
59 38
59 39
59 40
59 58
59 60
59 78
59 79
59 80
60 39
60 40
60 59
60 79
60 80
61 41
61 42
61 62
61 81
61 82
62 41
62 42
62 43
62 61
62 63
62 81
62 82
62 83
63 42
63 43
63 44
63 62
63 64
63 82
63 83
63 84
64 43
64 44
64 45
64 63
64 65
64 83
64 84
64 85
65 44
65 45
65 46
65 64
65 66
65 84
65 85
65 86
66 45
66 46
66 47
66 65
66 67
66 85
66 86
66 87
67 46
67 47
67 48
67 66
67 68
67 86
67 87
67 88
68 47
68 48
68 49
68 67
68 69
68 87
68 88
68 89
69 48
69 49
69 50
69 68
69 70
69 88
69 89
69 90
70 49
70 50
70 51
70 69
70 71
70 89
70 90
70 91
71 50
71 51
71 52
71 70
71 72
71 90
71 91
71 92
72 51
72 52
72 53
72 71
72 73
72 91
72 92
72 93
73 52
73 53
73 54
73 72
73 74
73 92
73 93
73 94
74 53
74 54
74 55
74 73
74 75
74 93
74 94
74 95
75 54
75 55
75 56
75 74
75 76
75 94
75 95
75 96
76 55
76 56
76 57
76 75
76 77
76 95
76 96
76 97
77 56
77 57
77 58
77 76
77 78
77 96
77 97
77 98
78 57
78 58
78 59
78 77
78 79
78 97
78 98
78 99
79 58
79 59
79 60
79 78
79 80
79 98
79 99
79 100
80 59
80 60
80 79
80 99
80 100
81 61
81 62
81 101
81 82
81 102
82 61
82 62
82 63
82 81
82 101
82 83
82 102
82 103
83 62
83 63
83 64
83 82
83 102
83 103
83 84
83 104
84 63
84 64
84 65
84 83
84 103
84 104
84 85
84 105
85 64
85 65
85 66
85 84
85 104
85 86
85 105
85 106
86 65
86 66
86 67
86 85
86 105
86 106
86 87
86 107
87 66
87 67
87 68
87 86
87 106
87 107
87 88
87 108
88 67
88 68
88 69
88 87
88 107
88 89
88 108
88 109
89 68
89 69
89 70
89 88
89 108
89 109
89 90
89 110
90 69
90 70
90 71
90 89
90 109
90 91
90 110
90 111
91 70
91 71
91 72
91 90
91 110
91 111
91 92
91 112
92 71
92 72
92 73
92 91
92 111
92 112
92 93
92 113
93 72
93 73
93 74
93 92
93 112
93 94
93 113
93 114
94 73
94 74
94 75
94 93
94 113
94 114
94 95
94 115
95 74
95 75
95 76
95 94
95 114
95 115
95 96
95 116
96 75
96 76
96 77
96 95
96 115
96 97
96 116
96 117
97 76
97 77
97 78
97 96
97 116
97 117
97 98
97 118
98 77
98 78
98 79
98 97
98 117
98 118
98 99
98 119
99 78
99 79
99 80
99 98
99 118
99 100
99 119
99 120
100 79
100 80
100 99
100 119
100 120
101 81
101 82
101 102
101 121
101 122
102 81
102 82
102 83
102 101
102 103
102 121
102 122
102 123
103 82
103 83
103 84
103 102
103 104
103 122
103 123
103 124
104 83
104 84
104 85
104 103
104 105
104 123
104 124
104 125
105 84
105 85
105 86
105 104
105 106
105 124
105 125
105 126
106 85
106 86
106 87
106 105
106 107
106 125
106 126
106 127
107 86
107 87
107 88
107 106
107 108
107 126
107 127
107 128
108 87
108 88
108 89
108 107
108 109
108 127
108 128
108 129
109 88
109 89
109 90
109 108
109 110
109 128
109 129
109 130
110 89
110 90
110 91
110 109
110 111
110 129
110 130
110 131
111 90
111 91
111 92
111 110
111 112
111 130
111 131
111 132
112 91
112 92
112 93
112 111
112 113
112 131
112 132
112 133
113 92
113 93
113 94
113 112
113 114
113 132
113 133
113 134
114 93
114 94
114 95
114 113
114 115
114 133
114 134
114 135
115 94
115 95
115 96
115 114
115 116
115 134
115 135
115 136
116 95
116 96
116 97
116 115
116 117
116 135
116 136
116 137
117 96
117 97
117 98
117 116
117 118
117 136
117 137
117 138
118 97
118 98
118 99
118 117
118 119
118 137
118 138
118 139
119 98
119 99
119 100
119 118
119 120
119 138
119 139
119 140
120 99
120 100
120 119
120 139
120 140
121 101
121 102
121 122
121 141
121 142
122 101
122 102
122 103
122 121
122 123
122 141
122 142
122 143
123 102
123 103
123 104
123 122
123 124
123 142
123 143
123 144
124 103
124 104
124 105
124 123
124 125
124 143
124 144
124 145
125 104
125 105
125 106
125 124
125 126
125 144
125 145
125 146
126 105
126 106
126 107
126 125
126 127
126 145
126 146
126 147
127 106
127 107
127 108
127 126
127 128
127 146
127 147
127 148
128 107
128 108
128 109
128 127
128 129
128 147
128 148
128 149
129 108
129 109
129 110
129 128
129 130
129 148
129 149
129 150
130 109
130 110
130 111
130 129
130 131
130 149
130 150
130 151
131 110
131 111
131 112
131 130
131 132
131 150
131 151
131 152
132 111
132 112
132 113
132 131
132 133
132 151
132 152
132 153
133 112
133 113
133 114
133 132
133 134
133 152
133 153
133 154
134 113
134 114
134 115
134 133
134 135
134 153
134 154
134 155
135 114
135 115
135 116
135 134
135 136
135 154
135 155
135 156
136 115
136 116
136 117
136 135
136 137
136 155
136 156
136 157
137 116
137 117
137 118
137 136
137 138
137 156
137 157
137 158
138 117
138 118
138 119
138 137
138 139
138 157
138 158
138 159
139 118
139 119
139 120
139 138
139 140
139 158
139 159
139 160
140 119
140 120
140 139
140 159
140 160
141 121
141 122
141 161
141 142
141 162
142 121
142 122
142 123
142 141
142 161
142 143
142 162
142 163
143 122
143 123
143 124
143 142
143 162
143 163
143 144
143 164
144 123
144 124
144 125
144 143
144 163
144 164
144 145
144 165
145 124
145 125
145 126
145 144
145 164
145 146
145 165
145 166
146 125
146 126
146 127
146 145
146 165
146 166
146 147
146 167
147 126
147 127
147 128
147 146
147 166
147 167
147 148
147 168
148 127
148 128
148 129
148 147
148 167
148 149
148 168
148 169
149 128
149 129
149 130
149 148
149 168
149 169
149 150
149 170
150 129
150 130
150 131
150 149
150 169
150 151
150 170
150 171
151 130
151 131
151 132
151 150
151 170
151 171
151 152
151 172
152 131
152 132
152 133
152 151
152 171
152 172
152 153
152 173
153 132
153 133
153 134
153 152
153 172
153 154
153 173
153 174
154 133
154 134
154 135
154 153
154 173
154 174
154 155
154 175
155 134
155 135
155 136
155 154
155 174
155 175
155 156
155 176
156 135
156 136
156 137
156 155
156 175
156 157
156 176
156 177
157 136
157 137
157 138
157 156
157 176
157 177
157 158
157 178
158 137
158 138
158 139
158 157
158 177
158 178
158 159
158 179
159 138
159 139
159 140
159 158
159 178
159 160
159 179
159 180
160 139
160 140
160 159
160 179
160 180
161 141
161 142
161 162
161 181
161 182
162 141
162 142
162 143
162 161
162 163
162 181
162 182
162 183
163 142
163 143
163 144
163 162
163 164
163 182
163 183
163 184
164 143
164 144
164 145
164 163
164 165
164 183
164 184
164 185
165 144
165 145
165 146
165 164
165 166
165 184
165 185
165 186
166 145
166 146
166 147
166 165
166 167
166 185
166 186
166 187
167 146
167 147
167 148
167 166
167 168
167 186
167 187
167 188
168 147
168 148
168 149
168 167
168 169
168 187
168 188
168 189
169 148
169 149
169 150
169 168
169 170
169 188
169 189
169 190
170 149
170 150
170 151
170 169
170 171
170 189
170 190
170 191
171 150
171 151
171 152
171 170
171 172
171 190
171 191
171 192
172 151
172 152
172 153
172 171
172 173
172 191
172 192
172 193
173 152
173 153
173 154
173 172
173 174
173 192
173 193
173 194
174 153
174 154
174 155
174 173
174 175
174 193
174 194
174 195
175 154
175 155
175 156
175 174
175 176
175 194
175 195
175 196
176 155
176 156
176 157
176 175
176 177
176 195
176 196
176 197
177 156
177 157
177 158
177 176
177 178
177 196
177 197
177 198
178 157
178 158
178 159
178 177
178 179
178 197
178 198
178 199
179 158
179 159
179 160
179 178
179 180
179 198
179 199
179 200
180 159
180 160
180 179
180 199
180 200
181 161
181 162
181 201
181 182
181 202
182 161
182 162
182 163
182 181
182 201
182 183
182 202
182 203
183 162
183 163
183 164
183 182
183 202
183 203
183 184
183 204
184 163
184 164
184 165
184 183
184 203
184 204
184 185
184 205
185 164
185 165
185 166
185 184
185 204
185 186
185 205
185 206
186 165
186 166
186 167
186 185
186 205
186 206
186 187
186 207
187 166
187 167
187 168
187 186
187 206
187 207
187 188
187 208
188 167
188 168
188 169
188 187
188 207
188 189
188 208
188 209
189 168
189 169
189 170
189 188
189 208
189 209
189 190
189 210
190 169
190 170
190 171
190 189
190 209
190 191
190 210
190 211
191 170
191 171
191 172
191 190
191 210
191 211
191 192
191 212
192 171
192 172
192 173
192 191
192 211
192 212
192 193
192 213
193 172
193 173
193 174
193 192
193 212
193 194
193 213
193 214
194 173
194 174
194 175
194 193
194 213
194 214
194 195
194 215
195 174
195 175
195 176
195 194
195 214
195 215
195 196
195 216
196 175
196 176
196 177
196 195
196 215
196 197
196 216
196 217
197 176
197 177
197 178
197 196
197 216
197 217
197 198
197 218
198 177
198 178
198 179
198 197
198 217
198 218
198 199
198 219
199 178
199 179
199 180
199 198
199 218
199 200
199 219
199 220
200 179
200 180
200 199
200 219
200 220
201 181
201 182
201 202
201 221
201 222
202 181
202 182
202 183
202 201
202 203
202 221
202 222
202 223
203 182
203 183
203 184
203 202
203 204
203 222
203 223
203 224
204 183
204 184
204 185
204 203
204 205
204 223
204 224
204 225
205 184
205 185
205 186
205 204
205 206
205 224
205 225
205 226
206 185
206 186
206 187
206 205
206 207
206 225
206 226
206 227
207 186
207 187
207 188
207 206
207 208
207 226
207 227
207 228
208 187
208 188
208 189
208 207
208 209
208 227
208 228
208 229
209 188
209 189
209 190
209 208
209 210
209 228
209 229
209 230
210 189
210 190
210 191
210 209
210 211
210 229
210 230
210 231
211 190
211 191
211 192
211 210
211 212
211 230
211 231
211 232
212 191
212 192
212 193
212 211
212 213
212 231
212 232
212 233
213 192
213 193
213 194
213 212
213 214
213 232
213 233
213 234
214 193
214 194
214 195
214 213
214 215
214 233
214 234
214 235
215 194
215 195
215 196
215 214
215 216
215 234
215 235
215 236
216 195
216 196
216 197
216 215
216 217
216 235
216 236
216 237
217 196
217 197
217 198
217 216
217 218
217 236
217 237
217 238
218 197
218 198
218 199
218 217
218 219
218 237
218 238
218 239
219 198
219 199
219 200
219 218
219 220
219 238
219 239
219 240
220 199
220 200
220 219
220 239
220 240
221 201
221 202
221 222
221 241
221 242
222 201
222 202
222 203
222 221
222 223
222 241
222 242
222 243
223 202
223 203
223 204
223 222
223 224
223 242
223 243
223 244
224 203
224 204
224 205
224 223
224 225
224 243
224 244
224 245
225 204
225 205
225 206
225 224
225 226
225 244
225 245
225 246
226 205
226 206
226 207
226 225
226 227
226 245
226 246
226 247
227 206
227 207
227 208
227 226
227 228
227 246
227 247
227 248
228 207
228 208
228 209
228 227
228 229
228 247
228 248
228 249
229 208
229 209
229 210
229 228
229 230
229 248
229 249
229 250
230 209
230 210
230 211
230 229
230 231
230 249
230 250
230 251
231 210
231 211
231 212
231 230
231 232
231 250
231 251
231 252
232 211
232 212
232 213
232 231
232 233
232 251
232 252
232 253
233 212
233 213
233 214
233 232
233 234
233 252
233 253
233 254
234 213
234 214
234 215
234 233
234 235
234 253
234 254
234 255
235 214
235 215
235 216
235 234
235 236
235 254
235 255
235 256
236 215
236 216
236 217
236 235
236 237
236 255
236 256
236 257
237 216
237 217
237 218
237 236
237 238
237 256
237 257
237 258
238 217
238 218
238 219
238 237
238 239
238 257
238 258
238 259
239 218
239 219
239 220
239 238
239 240
239 258
239 259
239 260
240 219
240 220
240 239
240 259
240 260
241 221
241 222
241 261
241 242
241 262
242 221
242 222
242 223
242 241
242 261
242 243
242 262
242 263
243 222
243 223
243 224
243 242
243 262
243 263
243 244
243 264
244 223
244 224
244 225
244 243
244 263
244 264
244 245
244 265
245 224
245 225
245 226
245 244
245 264
245 246
245 265
245 266
246 225
246 226
246 227
246 245
246 265
246 266
246 247
246 267
247 226
247 227
247 228
247 246
247 266
247 267
247 248
247 268
248 227
248 228
248 229
248 247
248 267
248 249
248 268
248 269
249 228
249 229
249 230
249 248
249 268
249 269
249 250
249 270
250 229
250 230
250 231
250 249
250 269
250 251
250 270
250 271
251 230
251 231
251 232
251 250
251 270
251 271
251 252
251 272
252 231
252 232
252 233
252 251
252 271
252 272
252 253
252 273
253 232
253 233
253 234
253 252
253 272
253 254
253 273
253 274
254 233
254 234
254 235
254 253
254 273
254 274
254 255
254 275
255 234
255 235
255 236
255 254
255 274
255 275
255 256
255 276
256 235
256 236
256 237
256 255
256 275
256 257
256 276
256 277
257 236
257 237
257 238
257 256
257 276
257 277
257 258
257 278
258 237
258 238
258 239
258 257
258 277
258 278
258 259
258 279
259 238
259 239
259 240
259 258
259 278
259 260
259 279
259 280
260 239
260 240
260 259
260 279
260 280
261 241
261 242
261 262
261 281
261 282
262 241
262 242
262 243
262 261
262 263
262 281
262 282
262 283
263 242
263 243
263 244
263 262
263 264
263 282
263 283
263 284
264 243
264 244
264 245
264 263
264 265
264 283
264 284
264 285
265 244
265 245
265 246
265 264
265 266
265 284
265 285
265 286
266 245
266 246
266 247
266 265
266 267
266 285
266 286
266 287
267 246
267 247
267 248
267 266
267 268
267 286
267 287
267 288
268 247
268 248
268 249
268 267
268 269
268 287
268 288
268 289
269 248
269 249
269 250
269 268
269 270
269 288
269 289
269 290
270 249
270 250
270 251
270 269
270 271
270 289
270 290
270 291
271 250
271 251
271 252
271 270
271 272
271 290
271 291
271 292
272 251
272 252
272 253
272 271
272 273
272 291
272 292
272 293
273 252
273 253
273 254
273 272
273 274
273 292
273 293
273 294
274 253
274 254
274 255
274 273
274 275
274 293
274 294
274 295
275 254
275 255
275 256
275 274
275 276
275 294
275 295
275 296
276 255
276 256
276 257
276 275
276 277
276 295
276 296
276 297
277 256
277 257
277 258
277 276
277 278
277 296
277 297
277 298
278 257
278 258
278 259
278 277
278 279
278 297
278 298
278 299
279 258
279 259
279 260
279 278
279 280
279 298
279 299
279 300
280 259
280 260
280 279
280 299
280 300
281 261
281 262
281 282
281 301
281 302
282 261
282 262
282 263
282 281
282 283
282 301
282 302
282 303
283 262
283 263
283 264
283 282
283 284
283 302
283 303
283 304
284 263
284 264
284 265
284 283
284 285
284 303
284 304
284 305
285 264
285 265
285 266
285 284
285 286
285 304
285 305
285 306
286 265
286 266
286 267
286 285
286 287
286 305
286 306
286 307
287 266
287 267
287 268
287 286
287 288
287 306
287 307
287 308
288 267
288 268
288 269
288 287
288 289
288 307
288 308
288 309
289 268
289 269
289 270
289 288
289 290
289 308
289 309
289 310
290 269
290 270
290 271
290 289
290 291
290 309
290 310
290 311
291 270
291 271
291 272
291 290
291 292
291 310
291 311
291 312
292 271
292 272
292 273
292 291
292 293
292 311
292 312
292 313
293 272
293 273
293 274
293 292
293 294
293 312
293 313
293 314
294 273
294 274
294 275
294 293
294 295
294 313
294 314
294 315
295 274
295 275
295 276
295 294
295 296
295 314
295 315
295 316
296 275
296 276
296 277
296 295
296 297
296 315
296 316
296 317
297 276
297 277
297 278
297 296
297 298
297 316
297 317
297 318
298 277
298 278
298 279
298 297
298 299
298 317
298 318
298 319
299 278
299 279
299 280
299 298
299 300
299 318
299 319
299 320
300 279
300 280
300 299
300 319
300 320
301 281
301 282
301 321
301 302
301 322
302 281
302 282
302 283
302 301
302 321
302 303
302 322
302 323
303 282
303 283
303 284
303 302
303 322
303 323
303 304
303 324
304 283
304 284
304 285
304 303
304 323
304 324
304 305
304 325
305 284
305 285
305 286
305 304
305 324
305 306
305 325
305 326
306 285
306 286
306 287
306 305
306 325
306 326
306 307
306 327
307 286
307 287
307 288
307 306
307 326
307 327
307 308
307 328
308 287
308 288
308 289
308 307
308 327
308 309
308 328
308 329
309 288
309 289
309 290
309 308
309 328
309 329
309 310
309 330
310 289
310 290
310 291
310 309
310 329
310 311
310 330
310 331
311 290
311 291
311 292
311 310
311 330
311 331
311 312
311 332
312 291
312 292
312 293
312 311
312 331
312 332
312 313
312 333
313 292
313 293
313 294
313 312
313 332
313 314
313 333
313 334
314 293
314 294
314 295
314 313
314 333
314 334
314 315
314 335
315 294
315 295
315 296
315 314
315 334
315 335
315 316
315 336
316 295
316 296
316 297
316 315
316 335
316 317
316 336
316 337
317 296
317 297
317 298
317 316
317 336
317 337
317 318
317 338
318 297
318 298
318 299
318 317
318 337
318 338
318 319
318 339
319 298
319 299
319 300
319 318
319 338
319 320
319 339
319 340
320 299
320 300
320 319
320 339
320 340
321 301
321 302
321 322
321 341
321 342
322 301
322 302
322 303
322 321
322 323
322 341
322 342
322 343
323 302
323 303
323 304
323 322
323 324
323 342
323 343
323 344
324 303
324 304
324 305
324 323
324 325
324 343
324 344
324 345
325 304
325 305
325 306
325 324
325 326
325 344
325 345
325 346
326 305
326 306
326 307
326 325
326 327
326 345
326 346
326 347
327 306
327 307
327 308
327 326
327 328
327 346
327 347
327 348
328 307
328 308
328 309
328 327
328 329
328 347
328 348
328 349
329 308
329 309
329 310
329 328
329 330
329 348
329 349
329 350
330 309
330 310
330 311
330 329
330 331
330 349
330 350
330 351
331 310
331 311
331 312
331 330
331 332
331 350
331 351
331 352
332 311
332 312
332 313
332 331
332 333
332 351
332 352
332 353
333 312
333 313
333 314
333 332
333 334
333 352
333 353
333 354
334 313
334 314
334 315
334 333
334 335
334 353
334 354
334 355
335 314
335 315
335 316
335 334
335 336
335 354
335 355
335 356
336 315
336 316
336 317
336 335
336 337
336 355
336 356
336 357
337 316
337 317
337 318
337 336
337 338
337 356
337 357
337 358
338 317
338 318
338 319
338 337
338 339
338 357
338 358
338 359
339 318
339 319
339 320
339 338
339 340
339 358
339 359
339 360
340 319
340 320
340 339
340 359
340 360
341 321
341 322
341 342
341 361
341 362
342 321
342 322
342 323
342 341
342 343
342 361
342 362
342 363
343 322
343 323
343 324
343 342
343 344
343 362
343 363
343 364
344 323
344 324
344 325
344 343
344 345
344 363
344 364
344 365
345 324
345 325
345 326
345 344
345 346
345 364
345 365
345 366
346 325
346 326
346 327
346 345
346 347
346 365
346 366
346 367
347 326
347 327
347 328
347 346
347 348
347 366
347 367
347 368
348 327
348 328
348 329
348 347
348 349
348 367
348 368
348 369
349 328
349 329
349 330
349 348
349 350
349 368
349 369
349 370
350 329
350 330
350 331
350 349
350 351
350 369
350 370
350 371
351 330
351 331
351 332
351 350
351 352
351 370
351 371
351 372
352 331
352 332
352 333
352 351
352 353
352 371
352 372
352 373
353 332
353 333
353 334
353 352
353 354
353 372
353 373
353 374
354 333
354 334
354 335
354 353
354 355
354 373
354 374
354 375
355 334
355 335
355 336
355 354
355 356
355 374
355 375
355 376
356 335
356 336
356 337
356 355
356 357
356 375
356 376
356 377
357 336
357 337
357 338
357 356
357 358
357 376
357 377
357 378
358 337
358 338
358 339
358 357
358 359
358 377
358 378
358 379
359 338
359 339
359 340
359 358
359 360
359 378
359 379
359 380
360 339
360 340
360 359
360 379
360 380
361 341
361 342
361 381
361 362
361 382
362 341
362 342
362 343
362 361
362 381
362 363
362 382
362 383
363 342
363 343
363 344
363 362
363 382
363 383
363 364
363 384
364 343
364 344
364 345
364 363
364 383
364 384
364 365
364 385
365 344
365 345
365 346
365 364
365 384
365 366
365 385
365 386
366 345
366 346
366 347
366 365
366 385
366 386
366 367
366 387
367 346
367 347
367 348
367 366
367 386
367 387
367 368
367 388
368 347
368 348
368 349
368 367
368 387
368 369
368 388
368 389
369 348
369 349
369 350
369 368
369 388
369 389
369 370
369 390
370 349
370 350
370 351
370 369
370 389
370 371
370 390
370 391
371 350
371 351
371 352
371 370
371 390
371 391
371 372
371 392
372 351
372 352
372 353
372 371
372 391
372 392
372 373
372 393
373 352
373 353
373 354
373 372
373 392
373 374
373 393
373 394
374 353
374 354
374 355
374 373
374 393
374 394
374 375
374 395
375 354
375 355
375 356
375 374
375 394
375 395
375 376
375 396
376 355
376 356
376 357
376 375
376 395
376 377
376 396
376 397
377 356
377 357
377 358
377 376
377 396
377 397
377 378
377 398
378 357
378 358
378 359
378 377
378 397
378 398
378 379
378 399
379 358
379 359
379 360
379 378
379 398
379 380
379 399
379 400
380 359
380 360
380 379
380 399
380 400
381 361
381 362
381 382
382 361
382 362
382 363
382 381
382 383
383 362
383 363
383 364
383 382
383 384
384 363
384 364
384 365
384 383
384 385
385 364
385 365
385 366
385 384
385 386
386 365
386 366
386 367
386 385
386 387
387 366
387 367
387 368
387 386
387 388
388 367
388 368
388 369
388 387
388 389
389 368
389 369
389 370
389 388
389 390
390 369
390 370
390 371
390 389
390 391
391 370
391 371
391 372
391 390
391 392
392 371
392 372
392 373
392 391
392 393
393 372
393 373
393 374
393 392
393 394
394 373
394 374
394 375
394 393
394 395
395 374
395 375
395 376
395 394
395 396
396 375
396 376
396 377
396 395
396 397
397 376
397 377
397 378
397 396
397 398
398 377
398 378
398 379
398 397
398 399
399 378
399 379
399 380
399 398
399 400
400 379
400 380
400 399
