50 316
1 2
1 8
1 9
2 1
2 3
2 8
2 9
2 10
3 2
3 4
3 9
3 10
3 11
4 3
4 5
4 10
4 11
4 12
5 4
5 6
5 11
5 12
5 13
6 5
6 7
6 12
6 13
6 14
7 6
7 13
7 14
8 1
8 2
8 15
8 9
8 16
9 1
9 2
9 3
9 8
9 15
9 10
9 16
9 17
10 2
10 3
10 4
10 9
10 16
10 17
10 11
10 18
11 3
11 4
11 5
11 10
11 17
11 12
11 18
11 19
12 4
12 5
12 6
12 11
12 18
12 19
12 13
12 20
13 5
13 6
13 7
13 12
13 19
13 20
13 14
13 21
14 6
14 7
14 13
14 20
14 21
15 8
15 9
15 16
15 22
15 23
16 8
16 9
16 10
16 15
16 17
16 22
16 23
16 24
17 9
17 10
17 11
17 16
17 18
17 23
17 24
17 25
18 10
18 11
18 12
18 17
18 19
18 24
18 25
18 26
19 11
19 12
19 13
19 18
19 20
19 25
19 26
19 27
20 12
20 13
20 14
20 19
20 21
20 26
20 27
20 28
21 13
21 14
21 20
21 27
21 28
22 15
22 16
22 29
22 23
22 30
23 15
23 16
23 17
23 22
23 29
23 24
23 30
23 31
24 16
24 17
24 18
24 23
24 30
24 31
24 25
24 32
25 17
25 18
25 19
25 24
25 31
25 26
25 32
25 33
26 18
26 19
26 20
26 25
26 32
26 33
26 27
26 34
27 19
27 20
27 21
27 26
27 33
27 34
27 28
27 35
28 20
28 21
28 27
28 34
28 35
29 22
29 23
29 30
29 36
29 37
30 22
30 23
30 24
30 29
30 31
30 36
30 37
30 38
31 23
31 24
31 25
31 30
31 32
31 37
31 38
31 39
32 24
32 25
32 26
32 31
32 33
32 38
32 39
32 40
33 25
33 26
33 27
33 32
33 34
33 39
33 40
33 41
34 26
34 27
34 28
34 33
34 35
34 40
34 41
34 42
35 27
35 28
35 34
35 41
35 42
36 29
36 30
36 37
36 43
36 44
37 29
37 30
37 31
37 36
37 38
37 43
37 44
37 45
38 30
38 31
38 32
38 37
38 39
38 44
38 45
38 46
39 31
39 32
39 33
39 38
39 40
39 45
39 46
39 47
40 32
40 33
40 34
40 39
40 41
40 46
40 47
40 48
41 33
41 34
41 35
41 40
41 42
41 47
41 48
41 49
42 34
42 35
42 41
42 48
42 49
43 36
43 37
43 50
43 44
44 36
44 37
44 38
44 43
44 50
44 45
45 37
45 38
45 39
45 44
45 46
46 38
46 39
46 40
46 45
46 47
47 39
47 40
47 41
47 46
47 48
48 40
48 41
48 42
48 47
48 49
49 41
49 42
49 48
50 43
50 44
