100 588
1 14
1 96
1 37
1 71
2 10
2 73
2 60
2 56
2 42
3 33
3 26
3 29
4 82
4 28
4 79
4 88
4 59
5 27
5 68
5 76
6 16
6 50
6 65
6 38
6 48
6 62
6 67
7 19
7 56
7 42
7 79
7 41
8 70
8 24
8 74
8 82
8 58
8 28
9 52
9 98
9 64
10 2
10 73
10 70
10 19
10 24
10 56
10 74
10 42
11 93
11 47
11 38
11 25
11 53
11 21
11 87
12 22
12 69
13 17
13 45
13 54
13 50
13 65
13 72
13 75
13 83
14 1
14 31
14 97
14 30
14 49
14 99
14 96
15 35
15 39
15 55
15 18
15 52
15 98
16 6
16 37
16 71
16 32
16 54
16 50
16 65
16 38
17 13
17 66
17 45
17 54
17 50
17 65
17 72
17 75
17 83
18 15
18 35
18 52
18 98
19 7
19 10
19 73
19 70
19 24
19 56
19 74
19 82
19 42
19 79
20 22
20 44
20 69
20 78
20 61
21 11
21 47
21 25
21 53
21 87
22 12
22 20
22 69
22 78
23 77
23 80
23 89
23 58
23 84
24 8
24 10
24 19
24 70
24 56
24 74
24 82
24 28
24 79
25 11
25 21
25 93
25 47
25 38
25 53
25 87
26 3
26 33
26 100
26 29
27 5
27 68
27 76
28 4
28 8
28 24
28 82
28 58
28 79
29 3
29 26
29 33
30 14
30 84
30 31
30 97
30 96
31 14
31 30
31 80
31 89
31 84
31 98
31 64
31 97
32 16
32 37
32 71
32 51
32 38
33 3
33 26
33 29
33 100
34 85
34 94
34 41
34 86
34 90
35 15
35 18
35 76
35 39
35 55
35 57
36 60
37 1
37 16
37 32
37 71
37 51
38 6
38 11
38 16
38 25
38 32
38 67
39 15
39 35
39 76
39 55
39 57
40 86
40 90
40 91
40 93
40 47
40 92
41 7
41 34
41 94
41 79
41 86
41 90
41 91
42 2
42 7
42 10
42 19
42 73
42 60
42 56
42 79
43 86
43 59
43 46
43 63
43 91
43 95
43 81
44 20
44 49
44 99
44 69
44 78
45 13
45 17
45 66
45 71
45 54
45 50
46 43
46 86
46 59
46 63
46 91
46 51
46 95
46 81
47 11
47 21
47 25
47 40
47 81
47 93
47 92
47 53
47 87
48 6
48 62
48 67
49 14
49 44
49 99
49 66
49 96
50 6
50 13
50 16
50 17
50 45
50 54
50 65
50 75
51 32
51 37
51 46
51 95
51 81
52 9
52 15
52 18
52 98
53 11
53 21
53 25
53 47
53 93
53 87
54 13
54 16
54 17
54 45
54 50
54 66
54 65
54 72
54 75
54 83
55 15
55 35
55 39
55 57
55 89
56 2
56 7
56 10
56 19
56 24
56 42
56 73
56 60
56 74
57 35
57 39
57 55
57 76
57 100
58 8
58 23
58 28
58 77
58 84
59 4
59 43
59 46
59 86
59 88
59 63
59 91
59 95
59 81
60 2
60 36
60 42
60 56
60 73
61 20
61 69
61 78
61 83
62 6
62 48
62 65
62 67
63 43
63 46
63 59
63 86
63 91
63 95
63 81
64 9
64 31
64 89
64 98
64 97
64 99
65 6
65 13
65 16
65 17
65 50
65 54
65 62
65 75
65 67
66 17
66 45
66 49
66 54
66 96
66 71
67 6
67 38
67 48
67 62
67 65
68 5
68 27
68 76
68 100
69 12
69 20
69 22
69 44
69 61
69 78
70 8
70 10
70 19
70 24
70 74
70 82
71 1
71 16
71 32
71 37
71 45
71 66
71 96
72 13
72 17
72 54
72 75
72 83
73 2
73 10
73 19
73 42
73 56
73 60
73 74
74 8
74 10
74 19
74 24
74 56
74 70
74 73
74 82
75 13
75 17
75 50
75 54
75 65
75 72
75 83
76 5
76 27
76 35
76 39
76 57
76 68
77 23
77 58
77 80
77 89
77 84
78 20
78 22
78 44
78 61
78 69
79 4
79 7
79 19
79 24
79 28
79 41
79 42
79 82
80 23
80 31
80 77
80 89
80 84
80 97
81 43
81 46
81 47
81 51
81 59
81 63
81 95
81 93
82 4
82 8
82 19
82 24
82 28
82 70
82 74
82 79
83 13
83 17
83 54
83 61
83 72
83 75
84 23
84 30
84 31
84 58
84 77
84 80
84 89
85 34
85 94
86 34
86 40
86 41
86 43
86 46
86 59
86 63
86 90
86 91
87 11
87 21
87 25
87 47
87 53
88 4
88 59
89 23
89 31
89 55
89 64
89 77
89 80
89 84
89 98
89 97
90 34
90 40
90 41
90 86
90 94
91 40
91 41
91 43
91 46
91 59
91 63
91 86
92 40
92 47
93 11
93 25
93 40
93 47
93 53
93 81
93 95
94 34
94 41
94 85
94 90
95 43
95 46
95 51
95 59
95 63
95 81
95 93
96 1
96 14
96 30
96 49
96 66
96 71
96 99
97 14
97 30
97 31
97 64
97 80
97 89
97 98
97 99
98 9
98 15
98 18
98 31
98 52
98 64
98 89
98 97
99 14
99 44
99 49
99 64
99 96
99 97
100 26
100 33
100 57
100 68
