200 1312
1 46
1 82
1 105
1 136
1 22
1 150
1 158
1 197
1 38
1 160
1 111
1 153
2 35
2 164
2 30
2 78
2 173
2 194
2 5
2 12
2 62
2 89
3 45
3 116
3 118
3 55
3 144
3 42
3 159
3 56
3 200
4 64
4 192
5 2
5 35
5 164
5 30
5 12
5 62
5 89
5 10
5 198
6 14
6 146
6 68
6 74
6 135
6 151
6 9
6 66
6 104
7 53
7 172
7 124
7 65
7 86
7 181
7 43
7 45
7 112
7 125
7 55
8 128
8 167
8 199
8 23
9 6
9 68
9 74
9 135
9 151
9 57
9 66
9 104
9 80
10 5
10 30
10 126
10 62
10 89
10 158
11 16
11 101
11 155
12 2
12 5
12 35
12 164
12 30
12 156
12 62
12 89
12 198
13 62
13 29
13 37
13 54
13 132
13 73
14 6
14 44
14 146
14 68
14 74
14 135
14 151
14 104
15 20
15 67
15 186
15 50
15 84
15 138
16 11
16 180
16 47
16 101
16 155
17 143
17 128
17 167
17 199
18 97
18 142
18 36
18 130
18 21
19 76
19 83
19 154
19 179
19 70
19 87
20 15
20 178
20 25
20 67
20 186
20 188
21 18
21 120
21 97
21 142
21 36
22 1
22 105
22 150
22 158
22 197
22 38
22 160
22 75
22 95
22 109
22 111
22 153
23 8
23 128
23 167
23 199
24 141
24 145
24 170
24 196
24 129
24 48
25 20
25 178
25 67
25 186
25 188
26 59
26 72
26 57
26 51
26 92
26 163
26 166
26 107
26 182
27 29
27 54
27 185
27 79
28 50
28 157
28 91
28 183
28 190
29 13
29 27
29 37
29 54
29 132
30 2
30 5
30 10
30 12
30 35
30 164
30 78
30 127
30 173
30 194
30 62
30 89
31 53
31 96
31 172
31 65
31 43
31 112
32 94
32 152
32 168
33 84
33 138
33 157
33 82
33 136
33 190
33 38
33 160
34 140
34 144
34 56
34 200
35 2
35 5
35 12
35 30
35 162
35 164
35 78
35 173
35 194
35 89
36 18
36 21
36 97
36 142
36 130
36 198
36 54
37 13
37 29
37 62
37 198
37 54
37 132
38 1
38 22
38 33
38 105
38 150
38 52
38 160
38 187
39 60
39 165
39 169
39 131
39 149
39 97
40 154
40 179
40 184
40 81
40 117
40 102
40 98
41 56
41 200
42 3
42 116
42 159
42 56
42 200
43 7
43 31
43 53
43 172
43 65
43 86
43 45
43 112
43 125
43 118
43 55
44 14
44 120
44 146
45 3
45 7
45 43
45 65
45 86
45 112
45 125
45 118
45 55
45 140
45 144
45 159
46 1
46 126
46 82
46 105
46 136
46 150
47 16
47 133
47 180
47 122
47 171
47 101
47 155
48 24
48 141
48 170
48 196
49 108
49 116
49 118
50 15
50 28
50 84
50 138
50 157
50 91
50 183
51 26
51 59
51 57
51 92
51 163
51 166
51 107
51 182
52 38
52 160
52 58
52 139
52 187
52 189
53 7
53 31
53 43
53 177
53 96
53 172
53 65
53 86
53 112
54 13
54 27
54 29
54 36
54 37
54 130
54 198
54 132
54 185
55 3
55 7
55 43
55 45
55 112
55 125
55 116
55 118
55 140
55 144
55 159
56 3
56 34
56 41
56 42
56 144
56 159
56 200
57 9
57 26
57 51
57 66
57 92
57 163
57 80
58 52
58 139
58 187
58 189
58 152
59 26
59 51
59 72
59 79
59 166
59 107
59 174
59 182
60 39
60 165
60 169
60 110
60 156
61 71
61 148
61 195
62 2
62 5
62 10
62 12
62 13
62 30
62 37
62 89
62 132
63 134
63 93
63 114
63 77
64 4
64 192
64 106
64 121
65 7
65 31
65 43
65 45
65 53
65 96
65 172
65 124
65 86
65 181
65 112
65 125
66 6
66 9
66 57
66 68
66 74
66 151
66 104
67 15
67 20
67 25
67 178
67 186
67 188
68 6
68 9
68 14
68 66
68 146
68 74
68 135
68 151
68 104
69 72
69 113
70 19
70 87
70 102
70 191
70 183
71 61
72 26
72 59
72 69
72 79
72 166
72 107
72 174
72 182
72 113
73 13
73 75
73 95
73 109
73 111
73 161
73 88
74 6
74 9
74 14
74 66
74 68
74 135
74 151
74 104
75 22
75 73
75 158
75 197
75 95
75 109
75 111
75 161
75 153
75 88
76 19
76 115
76 83
76 154
77 63
77 93
77 114
77 94
78 2
78 30
78 35
78 123
78 193
78 162
78 164
78 127
78 173
78 194
79 27
79 59
79 72
79 185
79 107
80 9
80 57
81 40
81 154
81 179
81 184
81 117
81 87
81 102
81 98
82 1
82 33
82 46
82 175
82 126
82 105
82 136
83 19
83 76
83 115
84 15
84 33
84 50
84 175
84 138
84 157
85 100
85 131
86 7
86 43
86 45
86 53
86 65
86 172
86 124
86 181
86 112
86 125
86 129
87 19
87 70
87 81
87 154
87 179
87 102
87 191
87 98
88 73
88 75
88 161
88 177
88 124
88 181
89 2
89 5
89 10
89 12
89 30
89 35
89 62
89 164
89 173
89 194
90 121
90 180
90 103
90 147
90 155
91 28
91 50
91 183
91 190
91 93
92 26
92 51
92 57
92 163
92 166
92 107
92 182
93 63
93 77
93 91
93 134
93 114
94 32
94 77
94 114
95 22
95 73
95 75
95 150
95 158
95 197
95 109
95 111
95 161
95 153
96 31
96 53
96 65
96 177
96 172
96 112
97 18
97 21
97 36
97 39
97 169
97 142
98 40
98 81
98 87
98 154
98 179
98 184
98 102
99 174
99 113
99 141
99 145
99 196
100 85
100 147
101 11
101 16
101 47
101 133
101 180
101 122
101 155
102 40
102 70
102 81
102 87
102 98
102 154
102 179
102 184
102 191
103 90
103 121
103 133
103 180
103 147
103 155
104 6
104 9
104 14
104 66
104 68
104 74
104 146
104 151
105 1
105 22
105 38
105 46
105 82
105 126
105 136
105 150
105 158
105 160
106 64
106 143
106 121
106 133
107 26
107 51
107 59
107 72
107 79
107 92
107 163
107 166
107 182
108 49
108 116
108 118
109 22
109 73
109 75
109 95
109 150
109 158
109 197
109 111
109 161
109 153
110 60
110 165
110 169
110 156
111 1
111 22
111 73
111 75
111 95
111 109
111 158
111 197
111 161
111 153
112 7
112 31
112 43
112 45
112 53
112 55
112 65
112 86
112 96
112 172
112 181
112 125
113 69
113 72
113 99
113 174
113 141
113 145
114 63
114 77
114 93
114 94
114 134
115 76
115 83
116 3
116 42
116 49
116 55
116 108
116 118
116 159
117 40
117 81
117 154
117 179
117 184
118 3
118 43
118 45
118 49
118 55
118 108
118 116
118 125
118 159
119 137
119 148
119 195
119 123
119 176
119 193
119 127
120 21
120 44
120 131
120 149
121 64
121 90
121 103
121 106
121 192
122 47
122 101
122 167
122 171
122 137
122 155
123 78
123 119
123 148
123 195
123 176
123 193
123 127
123 173
123 194
124 7
124 65
124 86
124 88
124 181
124 129
125 7
125 43
125 45
125 55
125 65
125 86
125 112
125 118
125 140
125 144
126 10
126 46
126 82
126 105
126 193
126 127
126 194
127 30
127 78
127 119
127 123
127 126
127 176
127 193
127 173
127 194
128 8
128 17
128 23
128 167
128 199
129 24
129 86
129 124
129 181
129 170
130 18
130 36
130 54
130 142
130 198
130 185
131 39
131 85
131 120
131 149
132 13
132 29
132 37
132 54
132 62
132 198
133 47
133 101
133 103
133 106
133 180
133 155
134 63
134 93
134 114
134 191
134 183
135 6
135 9
135 14
135 68
135 74
135 151
136 1
136 33
136 46
136 82
136 105
136 175
136 157
137 119
137 122
137 167
137 199
137 171
137 148
137 195
138 15
138 33
138 50
138 84
138 157
139 52
139 58
139 187
139 189
139 152
140 34
140 45
140 55
140 125
140 144
141 24
141 48
141 99
141 113
141 145
141 170
141 196
142 18
142 21
142 36
142 97
142 130
143 17
143 106
144 3
144 34
144 45
144 55
144 56
144 125
144 140
144 159
144 200
145 24
145 99
145 113
145 141
145 170
145 196
146 6
146 14
146 44
146 68
146 104
147 90
147 100
147 103
147 180
148 61
148 119
148 123
148 137
148 171
148 195
148 176
149 39
149 120
149 131
150 1
150 22
150 38
150 46
150 95
150 105
150 109
150 158
150 197
150 160
150 153
151 6
151 9
151 14
151 66
151 68
151 74
151 104
151 135
152 32
152 58
152 139
152 189
152 168
153 1
153 22
153 75
153 95
153 109
153 111
153 150
153 158
153 197
153 161
154 19
154 40
154 76
154 81
154 87
154 98
154 102
154 117
154 179
154 184
155 11
155 16
155 47
155 90
155 101
155 103
155 122
155 133
155 180
156 12
156 60
156 110
156 165
156 169
156 198
157 28
157 33
157 50
157 84
157 136
157 138
157 190
158 1
158 10
158 22
158 75
158 95
158 105
158 109
158 111
158 150
158 153
158 197
158 161
159 3
159 42
159 45
159 55
159 56
159 116
159 118
159 144
160 1
160 22
160 33
160 38
160 52
160 105
160 150
160 187
161 73
161 75
161 88
161 95
161 109
161 111
161 153
161 158
161 197
162 35
162 78
162 164
162 173
163 26
163 51
163 57
163 92
163 107
163 166
163 182
164 2
164 5
164 12
164 30
164 35
164 78
164 89
164 162
164 173
164 194
165 39
165 60
165 110
165 156
165 169
166 26
166 51
166 59
166 72
166 92
166 107
166 163
166 182
167 8
167 17
167 23
167 122
167 128
167 137
167 199
167 171
168 32
168 152
169 39
169 60
169 97
169 110
169 156
169 165
170 24
170 48
170 129
170 141
170 145
170 196
171 47
171 122
171 137
171 148
171 167
171 199
172 7
172 31
172 43
172 53
172 65
172 86
172 96
172 112
172 177
173 2
173 30
173 35
173 78
173 89
173 123
173 127
173 162
173 164
173 176
173 193
173 194
174 59
174 72
174 99
174 113
174 182
175 82
175 84
175 136
176 119
176 123
176 127
176 148
176 173
176 195
176 193
177 53
177 88
177 96
177 172
178 20
178 25
178 67
178 188
179 19
179 40
179 81
179 87
179 98
179 102
179 117
179 154
179 184
180 16
180 47
180 90
180 101
180 103
180 133
180 147
180 155
181 7
181 65
181 86
181 88
181 112
181 124
181 129
182 26
182 51
182 59
182 72
182 92
182 107
182 163
182 166
182 174
183 28
183 50
183 70
183 91
183 134
183 190
184 40
184 81
184 98
184 102
184 117
184 154
184 179
185 27
185 54
185 79
185 130
186 15
186 20
186 25
186 67
186 188
187 38
187 52
187 58
187 139
187 160
187 189
188 20
188 25
188 67
188 178
188 186
189 52
189 58
189 139
189 152
189 187
190 28
190 33
190 91
190 157
190 183
191 70
191 87
191 102
191 134
192 4
192 64
192 121
193 78
193 119
193 123
193 126
193 127
193 173
193 176
193 194
194 2
194 30
194 35
194 78
194 89
194 123
194 126
194 127
194 164
194 173
194 193
195 61
195 119
195 123
195 137
195 148
195 176
196 24
196 48
196 99
196 141
196 145
196 170
197 1
197 22
197 75
197 95
197 109
197 111
197 150
197 153
197 158
197 161
198 5
198 12
198 36
198 37
198 54
198 130
198 132
198 156
199 8
199 17
199 23
199 128
199 137
199 167
199 171
200 3
200 34
200 41
200 42
200 56
200 144
