400 2678
1 32
1 81
1 298
1 335
1 382
2 114
2 180
2 199
2 215
2 293
2 311
2 67
2 264
3 78
3 61
3 68
3 87
3 148
3 107
4 131
4 392
4 162
4 117
4 369
5 346
5 385
5 350
5 80
5 193
5 217
5 241
6 66
6 143
6 155
6 196
6 202
6 280
6 65
6 290
6 336
7 80
7 217
7 241
7 31
7 281
8 113
8 166
8 182
8 50
8 62
8 231
8 204
8 260
8 348
9 169
9 98
9 250
9 25
9 74
9 103
9 157
9 222
9 265
9 389
10 258
10 237
10 275
10 207
11 277
11 332
11 75
11 92
12 85
12 95
12 278
12 359
13 66
13 143
13 88
13 203
13 240
13 202
13 280
13 65
14 47
14 110
14 163
14 332
14 93
15 136
15 210
15 28
15 291
16 21
16 26
16 178
16 184
17 396
17 171
17 333
18 243
18 254
19 150
19 296
19 152
20 352
20 390
20 206
21 16
21 29
21 91
21 26
21 184
22 362
22 53
22 128
22 136
22 210
22 306
22 28
22 291
22 121
23 313
23 321
23 45
23 396
23 149
23 172
24 38
24 58
24 122
24 282
24 331
24 69
24 135
24 189
24 316
24 386
24 77
24 127
25 9
25 169
25 98
25 250
25 290
25 74
25 336
25 157
25 222
25 347
26 16
26 21
26 178
26 184
27 99
27 232
27 329
27 183
27 274
28 15
28 22
28 128
28 136
28 291
29 21
29 141
29 91
29 388
29 174
30 278
30 328
30 359
30 78
30 56
30 381
30 61
30 87
31 7
31 281
31 60
32 1
32 71
32 228
32 317
32 81
32 120
32 281
32 298
32 382
33 105
33 355
33 104
33 179
33 363
33 154
33 35
33 102
33 201
34 210
34 306
34 121
34 313
34 321
35 33
35 105
35 355
35 363
35 154
35 192
35 230
35 102
35 201
35 124
35 273
35 287
36 97
36 198
37 164
37 309
37 384
37 138
37 224
37 236
37 251
37 208
37 245
37 246
37 342
37 258
38 24
38 269
38 58
38 122
38 129
38 282
38 90
38 331
38 69
38 135
38 316
39 284
39 343
39 362
39 53
40 223
40 308
40 400
40 133
40 300
40 387
40 61
41 70
41 204
41 131
41 194
41 310
41 319
41 376
41 392
41 159
41 225
42 364
42 213
42 153
42 351
42 297
42 346
43 44
43 246
43 342
43 173
43 237
43 275
43 181
44 43
44 309
44 245
44 246
44 342
44 83
44 173
45 23
45 321
45 396
45 333
46 158
46 59
46 127
46 262
46 56
46 113
46 377
46 381
46 148
46 182
46 62
47 14
47 110
47 163
47 277
47 332
47 93
48 97
48 170
48 72
48 323
48 105
49 90
49 106
49 350
49 73
50 8
50 113
50 166
50 182
50 62
50 231
50 204
51 213
51 344
51 346
51 385
51 315
51 193
52 398
52 186
52 220
52 242
53 22
53 39
53 362
53 128
53 136
54 231
54 100
54 175
54 260
54 348
54 139
54 177
55 137
55 205
55 256
55 337
55 235
55 358
55 375
55 383
55 115
55 249
56 30
56 46
56 278
56 328
56 158
56 78
56 377
56 381
56 148
57 94
57 160
57 339
57 89
57 211
57 326
57 364
57 168
57 209
58 24
58 38
58 269
58 122
58 129
58 282
58 331
58 69
58 135
58 189
58 316
58 386
59 46
59 158
59 77
59 127
59 262
59 288
59 360
59 377
60 31
60 165
60 114
60 199
60 215
60 293
60 311
61 3
61 30
61 40
61 400
61 78
61 68
62 8
62 46
62 50
62 113
62 381
62 148
62 166
62 182
62 231
62 142
63 271
63 318
63 393
63 286
63 79
63 144
63 151
63 361
64 185
64 397
64 134
64 219
64 111
64 252
65 6
65 13
65 66
65 143
65 88
65 240
65 155
65 196
65 202
65 280
65 169
65 336
66 6
66 13
66 65
66 143
66 88
66 203
66 240
66 155
66 196
66 202
66 280
67 2
67 180
67 239
67 264
68 3
68 61
68 78
68 87
68 126
68 107
68 109
68 314
69 24
69 38
69 58
69 122
69 282
69 331
69 135
69 189
69 316
69 386
70 41
70 204
70 194
70 310
70 319
70 376
70 159
70 225
71 32
71 80
71 217
71 214
71 228
71 317
71 120
71 281
72 48
72 170
72 323
72 324
72 138
73 49
73 106
73 350
74 9
74 25
74 169
74 290
74 336
74 157
74 222
74 303
74 347
74 389
75 11
75 82
75 391
75 92
76 247
76 320
76 285
76 294
76 272
76 84
76 96
77 24
77 59
77 135
77 189
77 316
77 386
77 158
77 127
77 262
77 288
78 3
78 30
78 56
78 61
78 68
78 278
78 328
78 381
78 87
78 148
79 63
79 393
79 144
79 151
79 361
79 83
79 161
79 340
79 349
80 5
80 7
80 71
80 385
80 193
80 217
80 241
80 214
80 268
80 228
80 317
81 1
81 32
81 254
81 298
81 335
81 382
82 75
82 107
82 109
82 314
82 322
82 100
82 391
82 277
83 44
83 79
83 361
83 161
83 340
84 76
84 272
85 12
85 256
85 299
86 220
86 242
86 190
87 3
87 30
87 68
87 78
87 113
87 381
87 148
87 182
87 107
88 13
88 65
88 66
88 143
88 203
88 240
88 218
88 169
89 57
89 94
89 160
89 211
89 326
89 364
89 168
89 209
90 38
90 49
90 282
90 106
90 279
91 21
91 29
91 141
91 388
92 11
92 75
93 14
93 47
93 110
93 332
94 57
94 89
94 186
94 160
94 339
94 326
94 364
95 12
95 115
95 249
96 76
96 247
96 344
96 380
96 191
97 36
97 48
97 170
97 198
97 323
98 9
98 25
98 169
98 250
98 188
98 157
98 222
98 265
99 27
99 340
99 349
99 274
99 205
99 337
100 54
100 82
100 166
100 142
100 391
100 175
100 260
100 348
101 152
101 188
101 265
102 33
102 35
102 105
102 355
102 154
102 192
102 230
102 201
102 112
102 124
102 273
102 287
103 9
103 157
103 222
103 265
103 271
103 389
103 318
104 33
104 105
104 355
104 179
104 363
104 201
105 33
105 35
105 48
105 102
105 104
105 355
105 154
105 192
106 49
106 73
106 90
106 279
106 350
107 3
107 68
107 82
107 87
107 109
107 314
107 322
108 124
108 195
108 273
108 287
108 339
108 368
108 221
108 304
109 68
109 82
109 107
109 126
109 295
109 379
109 314
109 322
109 163
110 14
110 47
110 93
110 163
110 332
111 64
111 185
111 134
111 219
111 395
111 312
111 252
112 102
112 236
112 154
112 192
112 208
112 230
112 258
112 124
112 287
113 8
113 46
113 50
113 62
113 87
113 158
113 377
113 381
113 148
113 166
113 182
114 2
114 60
114 120
114 165
114 281
114 199
114 215
114 293
114 311
115 55
115 95
115 256
115 235
115 358
115 375
115 249
116 396
116 171
116 238
116 333
116 255
117 4
117 180
117 311
117 162
117 261
117 369
118 296
118 244
118 198
119 325
119 301
119 330
119 367
119 151
119 125
120 32
120 71
120 114
120 317
120 165
120 281
120 382
121 22
121 34
121 128
121 136
121 210
121 306
121 291
122 24
122 38
122 58
122 69
122 269
122 129
122 282
122 331
122 135
122 316
123 292
123 356
123 253
123 370
124 35
124 102
124 108
124 112
124 154
124 230
124 195
124 273
124 287
124 368
124 304
125 119
125 330
125 367
126 68
126 109
126 295
126 312
126 379
126 314
126 163
127 24
127 46
127 59
127 77
127 189
127 386
127 158
127 262
127 288
127 377
128 22
128 28
128 53
128 121
128 136
128 210
128 306
128 291
129 38
129 58
129 122
129 327
129 147
129 394
129 269
129 282
130 248
130 226
131 4
131 41
131 194
131 319
131 376
131 392
131 162
132 261
132 369
132 374
132 145
132 365
133 40
133 212
133 223
133 308
133 366
133 300
133 378
133 387
134 64
134 111
134 185
134 397
134 378
134 219
135 24
135 38
135 58
135 69
135 77
135 122
135 282
135 331
135 189
135 316
135 386
136 15
136 22
136 28
136 53
136 121
136 128
136 210
136 306
136 291
137 55
137 181
137 327
137 371
137 205
137 235
137 383
138 37
138 72
138 140
138 324
138 384
138 224
138 236
138 251
138 192
138 208
139 54
139 177
139 227
139 276
139 176
139 229
139 234
139 289
139 338
140 138
140 323
140 324
140 164
140 224
140 251
141 29
141 91
141 266
141 388
142 62
142 100
142 166
142 182
142 260
142 348
143 6
143 13
143 65
143 66
143 88
143 203
143 240
143 155
143 196
143 202
143 280
144 63
144 79
144 318
144 393
144 367
144 151
144 361
145 132
145 261
145 369
145 352
145 390
145 334
146 178
146 184
146 257
147 129
147 221
147 394
148 3
148 46
148 56
148 62
148 78
148 87
148 113
148 377
148 381
148 166
148 182
149 23
149 172
149 216
149 399
150 19
150 267
150 341
150 353
150 263
150 296
150 152
151 63
151 79
151 119
151 144
151 271
151 318
151 393
151 367
151 361
152 19
152 101
152 150
152 267
152 341
152 188
153 42
153 351
153 297
153 279
154 33
154 35
154 102
154 105
154 112
154 124
154 355
154 236
154 192
154 208
154 230
154 273
154 287
155 6
155 65
155 66
155 143
155 196
155 202
155 280
155 169
155 290
155 336
156 292
156 356
156 252
157 9
157 25
157 74
157 98
157 103
157 169
157 250
157 222
157 265
157 389
158 46
158 56
158 59
158 77
158 113
158 127
158 262
158 377
158 381
159 41
159 70
159 310
159 319
159 376
159 225
159 177
160 57
160 89
160 94
160 186
160 339
160 326
160 364
161 79
161 83
161 361
161 340
162 4
162 117
162 131
162 392
162 369
163 14
163 47
163 109
163 110
163 126
163 395
163 295
163 312
163 379
163 277
163 332
164 37
164 140
164 309
164 384
164 245
165 60
165 114
165 120
165 281
165 199
165 215
165 293
165 311
166 8
166 50
166 62
166 100
166 113
166 142
166 148
166 182
166 231
166 260
166 348
167 286
168 57
168 89
168 211
168 326
168 364
168 209
168 213
168 344
168 380
169 9
169 25
169 65
169 74
169 88
169 98
169 155
169 157
169 250
169 336
169 222
170 48
170 72
170 97
170 244
170 198
170 323
170 324
171 17
171 116
171 396
171 238
171 333
172 23
172 149
172 313
172 321
172 216
173 43
173 44
173 246
173 237
173 275
173 181
174 29
174 178
174 388
174 257
174 307
175 54
175 100
175 231
175 260
175 348
176 139
176 177
176 227
176 206
176 229
176 234
177 54
177 139
177 159
177 176
177 227
177 276
177 229
177 234
178 16
178 26
178 146
178 174
178 184
178 257
179 33
179 104
179 355
180 2
180 67
180 117
180 199
180 215
180 311
180 261
180 264
181 43
181 137
181 173
181 237
181 275
182 8
182 46
182 50
182 62
182 87
182 113
182 142
182 148
182 166
182 377
182 381
183 27
183 232
183 329
183 274
184 16
184 21
184 26
184 146
184 178
184 257
185 64
185 111
185 134
185 397
185 300
185 378
185 219
186 52
186 94
186 160
186 363
186 398
186 201
187 255
187 223
187 308
187 366
187 359
187 400
188 98
188 101
188 152
188 341
188 250
188 265
189 24
189 58
189 69
189 77
189 127
189 135
189 331
189 316
189 386
189 262
190 86
190 220
190 283
190 307
190 320
190 294
191 96
191 315
191 268
192 35
192 102
192 105
192 112
192 138
192 154
192 355
192 224
192 236
192 251
192 208
192 230
193 5
193 51
193 80
193 346
193 385
193 315
193 217
193 241
194 41
194 70
194 131
194 310
194 319
194 376
194 392
194 225
195 108
195 124
195 273
195 287
195 339
195 368
195 221
195 304
196 6
196 65
196 66
196 143
196 155
196 202
196 280
196 290
196 336
197 365
197 259
198 36
198 97
198 118
198 170
198 244
198 323
199 2
199 60
199 114
199 165
199 180
199 215
199 293
199 311
200 397
200 345
201 33
201 35
201 102
201 104
201 186
201 363
201 398
201 273
202 6
202 13
202 65
202 66
202 143
202 155
202 196
202 240
202 280
202 336
203 13
203 66
203 88
203 143
203 240
204 8
204 41
204 50
204 70
204 231
204 310
204 260
205 55
205 99
205 137
205 274
205 256
205 337
205 235
205 358
205 383
206 20
206 176
206 227
206 229
206 234
207 10
207 258
207 237
207 275
207 368
207 394
208 37
208 112
208 138
208 154
208 192
208 224
208 236
208 251
208 230
208 258
209 57
209 89
209 168
209 211
209 326
209 364
209 213
209 344
209 380
210 15
210 22
210 34
210 121
210 128
210 136
210 306
210 291
211 57
211 89
211 168
211 209
211 326
211 344
211 380
212 133
212 270
212 308
212 366
212 300
212 378
213 42
213 51
213 168
213 209
213 364
213 344
213 346
214 71
214 80
214 315
214 217
214 268
214 243
214 228
214 317
215 2
215 60
215 114
215 165
215 180
215 199
215 293
215 311
216 149
216 172
216 399
217 5
217 7
217 71
217 80
217 193
217 214
217 385
217 315
217 241
217 268
217 228
217 317
218 88
218 240
218 233
218 354
218 341
218 353
219 64
219 111
219 134
219 185
219 397
219 378
219 395
220 52
220 86
220 190
220 242
221 108
221 147
221 195
221 368
221 304
221 351
222 9
222 25
222 74
222 98
222 103
222 157
222 169
222 250
222 265
223 40
223 133
223 187
223 255
223 308
223 366
223 359
223 400
223 300
223 387
224 37
224 138
224 140
224 192
224 208
224 324
224 309
224 384
224 236
224 251
224 245
224 342
225 41
225 70
225 159
225 194
225 310
225 319
225 376
225 392
226 130
226 248
227 139
227 176
227 177
227 206
227 276
227 229
227 234
228 32
228 71
228 80
228 214
228 217
228 268
228 317
229 139
229 176
229 177
229 206
229 227
229 234
230 35
230 102
230 112
230 124
230 154
230 192
230 208
230 236
230 273
230 287
231 8
231 50
231 54
231 62
231 166
231 175
231 204
231 260
231 348
232 27
232 183
232 329
232 274
233 218
233 354
233 305
233 341
233 353
234 139
234 176
234 177
234 206
234 227
234 229
235 55
235 115
235 137
235 205
235 256
235 337
235 358
235 375
235 383
235 249
236 37
236 112
236 138
236 154
236 192
236 208
236 224
236 230
236 384
236 251
236 245
236 258
237 10
237 43
237 173
237 181
237 207
237 275
237 394
238 116
238 171
238 396
238 333
238 255
239 67
239 264
240 13
240 65
240 66
240 88
240 143
240 202
240 203
240 218
240 280
241 5
241 7
241 80
241 193
241 217
241 385
241 350
242 52
242 86
242 220
243 18
243 214
243 268
243 254
244 118
244 170
244 198
244 296
244 323
245 37
245 44
245 164
245 224
245 236
245 309
245 384
245 251
245 246
245 342
245 258
246 37
246 43
246 44
246 173
246 245
246 309
246 384
246 342
247 76
247 96
247 320
247 285
247 294
247 272
247 344
247 380
248 130
248 226
248 334
249 55
249 95
249 115
249 235
249 256
249 358
249 375
249 383
250 9
250 25
250 98
250 157
250 169
250 188
250 222
250 265
251 37
251 138
251 140
251 192
251 208
251 224
251 236
251 245
251 324
251 309
251 384
251 342
251 258
252 64
252 111
252 156
252 395
253 123
253 292
253 356
253 370
254 18
254 81
254 243
255 116
255 187
255 223
255 238
255 308
255 366
256 55
256 85
256 115
256 205
256 235
256 249
256 337
256 358
256 299
257 146
257 174
257 178
257 184
257 307
257 357
258 10
258 37
258 112
258 207
258 208
258 236
258 245
258 251
258 384
258 342
259 197
259 374
259 365
260 8
260 54
260 100
260 142
260 166
260 175
260 204
260 231
260 348
261 117
261 132
261 145
261 180
261 369
261 374
262 46
262 59
262 77
262 127
262 158
262 189
262 288
262 377
263 150
263 267
263 296
264 2
264 67
264 180
264 239
264 374
265 9
265 98
265 101
265 103
265 157
265 188
265 222
265 250
266 141
266 373
266 388
267 150
267 152
267 263
267 305
267 341
267 353
268 80
268 191
268 214
268 217
268 228
268 243
268 385
268 315
269 38
269 58
269 122
269 129
269 327
269 371
269 375
269 331
270 212
270 366
270 397
271 63
271 103
271 151
271 325
271 389
271 318
271 393
272 76
272 84
272 247
272 285
273 35
273 102
273 108
273 124
273 154
273 195
273 201
273 230
273 287
274 27
274 99
274 183
274 205
274 232
274 349
274 337
275 10
275 43
275 173
275 181
275 207
275 237
275 394
276 139
276 177
276 227
276 289
276 338
277 11
277 47
277 82
277 163
277 314
277 322
277 391
277 332
278 12
278 30
278 56
278 78
278 328
278 359
279 90
279 106
279 153
279 351
279 297
280 6
280 13
280 65
280 66
280 143
280 155
280 196
280 202
280 240
280 336
281 7
281 31
281 32
281 71
281 114
281 120
281 165
281 317
282 24
282 38
282 58
282 69
282 90
282 122
282 129
282 135
282 331
282 316
282 386
283 190
283 307
283 357
283 320
283 285
283 294
284 39
284 343
285 76
285 247
285 272
285 283
285 320
285 294
286 63
286 167
286 318
286 393
286 361
287 35
287 102
287 108
287 112
287 124
287 154
287 195
287 230
287 273
287 368
287 304
288 59
288 77
288 127
288 262
288 360
289 139
289 276
289 338
290 6
290 25
290 74
290 155
290 196
290 336
290 303
290 347
291 15
291 22
291 28
291 121
291 128
291 136
291 210
292 123
292 156
292 253
292 356
293 2
293 60
293 114
293 165
293 199
293 215
293 311
294 76
294 190
294 247
294 283
294 285
294 320
295 109
295 126
295 163
295 312
295 379
295 314
295 322
296 19
296 118
296 150
296 244
296 263
297 42
297 153
297 279
297 351
298 1
298 32
298 81
298 335
298 382
299 85
299 256
300 40
300 133
300 185
300 212
300 223
300 308
300 366
300 378
300 387
301 119
301 347
301 325
301 389
301 330
302 360
302 372
303 74
303 290
303 347
304 108
304 124
304 195
304 221
304 287
304 339
304 368
305 233
305 267
305 354
305 341
305 353
306 22
306 34
306 121
306 128
306 136
306 210
307 174
307 190
307 257
307 283
307 357
308 40
308 133
308 187
308 212
308 223
308 255
308 300
308 366
308 378
308 387
309 37
309 44
309 164
309 224
309 245
309 246
309 251
309 384
309 342
310 41
310 70
310 159
310 194
310 204
310 225
310 319
310 376
310 392
311 2
311 60
311 114
311 117
311 165
311 180
311 199
311 215
311 293
312 111
312 126
312 163
312 295
312 395
312 379
313 23
313 34
313 172
313 321
314 68
314 82
314 107
314 109
314 126
314 277
314 295
314 322
314 391
315 51
315 191
315 193
315 214
315 217
315 268
315 385
316 24
316 38
316 58
316 69
316 77
316 122
316 135
316 189
316 282
316 331
316 386
317 32
317 71
317 80
317 120
317 214
317 217
317 228
317 281
318 63
318 103
318 144
318 151
318 271
318 286
318 393
318 361
319 41
319 70
319 131
319 159
319 194
319 225
319 310
319 376
319 392
320 76
320 190
320 247
320 283
320 285
320 294
321 23
321 34
321 45
321 172
321 313
322 82
322 107
322 109
322 277
322 295
322 314
322 391
322 332
323 48
323 72
323 97
323 140
323 170
323 198
323 244
323 324
324 72
324 138
324 140
324 170
324 224
324 251
324 323
325 119
325 271
325 301
325 347
325 389
325 330
326 57
326 89
326 94
326 160
326 168
326 209
326 211
326 339
326 364
327 129
327 137
327 269
327 371
327 394
328 30
328 56
328 78
328 278
328 381
329 27
329 183
329 232
330 119
330 125
330 301
330 325
330 367
331 24
331 38
331 58
331 69
331 122
331 135
331 189
331 269
331 282
331 316
331 386
332 11
332 14
332 47
332 93
332 110
332 163
332 277
332 322
333 17
333 45
333 116
333 171
333 238
333 396
334 145
334 248
334 352
334 390
335 1
335 81
335 298
335 382
336 6
336 25
336 65
336 74
336 155
336 169
336 196
336 202
336 280
336 290
337 55
337 99
337 205
337 235
337 256
337 274
337 358
337 383
338 139
338 276
338 289
339 57
339 94
339 108
339 160
339 195
339 304
339 326
339 364
340 79
340 83
340 99
340 161
340 349
341 150
341 152
341 188
341 218
341 233
341 267
341 305
341 354
341 353
342 37
342 43
342 44
342 224
342 245
342 246
342 251
342 258
342 309
342 384
343 39
343 284
344 51
344 96
344 168
344 209
344 211
344 213
344 247
344 380
345 200
345 356
346 5
346 42
346 51
346 193
346 213
346 385
347 25
347 74
347 290
347 301
347 303
347 325
347 389
348 8
348 54
348 100
348 142
348 166
348 175
348 231
348 260
349 79
349 99
349 274
349 340
349 367
350 5
350 49
350 73
350 106
350 241
351 42
351 153
351 221
351 279
351 297
352 20
352 145
352 334
352 390
353 150
353 218
353 233
353 267
353 305
353 341
353 354
354 218
354 233
354 305
354 341
354 353
355 33
355 35
355 102
355 104
355 105
355 154
355 179
355 192
355 363
356 123
356 156
356 253
356 292
356 345
357 257
357 283
357 307
358 55
358 115
358 205
358 235
358 249
358 256
358 337
358 375
358 383
359 12
359 30
359 187
359 223
359 278
359 400
360 59
360 288
360 302
360 372
361 63
361 79
361 83
361 144
361 151
361 161
361 286
361 318
361 393
362 22
362 39
362 53
363 33
363 35
363 104
363 186
363 201
363 355
363 398
364 42
364 57
364 89
364 94
364 160
364 168
364 209
364 213
364 326
364 339
365 132
365 197
365 259
365 374
366 133
366 187
366 212
366 223
366 255
366 270
366 300
366 308
366 378
366 387
367 119
367 125
367 144
367 151
367 330
367 349
368 108
368 124
368 195
368 207
368 221
368 287
368 304
369 4
369 117
369 132
369 145
369 162
369 261
369 390
370 123
370 253
371 137
371 269
371 327
371 383
372 302
372 360
373 266
374 132
374 259
374 261
374 264
374 365
375 55
375 115
375 235
375 249
375 269
375 358
375 383
376 41
376 70
376 131
376 159
376 194
376 225
376 310
376 319
376 392
377 46
377 56
377 59
377 113
377 127
377 148
377 158
377 182
377 262
377 381
378 133
378 134
378 185
378 212
378 219
378 300
378 308
378 366
378 397
378 387
379 109
379 126
379 163
379 295
379 312
379 395
380 96
380 168
380 209
380 211
380 247
380 344
381 30
381 46
381 56
381 62
381 78
381 87
381 113
381 148
381 158
381 182
381 328
381 377
382 1
382 32
382 81
382 120
382 298
382 335
383 55
383 137
383 205
383 235
383 249
383 337
383 358
383 371
383 375
384 37
384 138
384 164
384 224
384 236
384 245
384 246
384 251
384 258
384 309
384 342
385 5
385 51
385 80
385 193
385 217
385 241
385 268
385 315
385 346
386 24
386 58
386 69
386 77
386 127
386 135
386 189
386 282
386 316
386 331
387 40
387 133
387 223
387 300
387 308
387 366
387 378
387 400
388 29
388 91
388 141
388 174
388 266
389 9
389 74
389 103
389 157
389 271
389 301
389 325
389 347
390 20
390 145
390 334
390 352
390 369
391 75
391 82
391 100
391 277
391 314
391 322
392 4
392 41
392 131
392 162
392 194
392 225
392 310
392 319
392 376
393 63
393 79
393 144
393 151
393 271
393 286
393 318
393 361
394 129
394 147
394 207
394 237
394 275
394 327
395 111
395 163
395 219
395 252
395 312
395 379
396 17
396 23
396 45
396 116
396 171
396 238
396 333
397 64
397 134
397 185
397 200
397 219
397 270
397 378
398 52
398 186
398 201
398 363
399 149
399 216
400 40
400 61
400 187
400 223
400 359
400 387
