50 290
1 24
1 45
1 46
2 47
2 9
2 4
2 37
2 13
3 12
3 30
3 38
3 24
3 41
4 2
4 9
4 37
5 27
5 36
5 38
6 40
6 48
6 44
7 42
7 43
7 18
7 19
7 26
7 50
8 16
8 20
8 22
8 31
8 18
8 19
9 2
9 4
9 47
9 37
10 33
10 32
10 15
10 25
10 11
10 28
10 29
10 21
10 39
11 10
11 32
11 24
11 28
11 29
11 21
11 39
11 45
12 3
12 30
12 38
12 24
12 29
12 41
13 2
13 37
13 14
13 17
13 49
14 13
14 17
14 49
14 40
15 10
15 18
15 33
15 26
15 50
15 25
15 39
16 8
16 34
16 20
16 22
16 31
17 13
17 14
17 49
17 40
18 7
18 8
18 15
18 42
18 43
18 22
18 19
18 33
18 26
18 50
19 7
19 8
19 18
19 42
19 43
19 22
19 31
19 33
19 26
19 50
20 8
20 16
20 34
20 31
21 10
21 11
21 24
21 28
21 29
21 39
21 45
21 46
22 8
22 16
22 18
22 19
22 31
22 33
23 35
23 47
24 1
24 3
24 11
24 12
24 21
24 30
24 28
24 29
24 39
24 45
25 10
25 15
25 33
25 26
25 50
25 39
26 7
26 15
26 18
26 19
26 25
26 42
26 43
26 33
26 50
27 5
27 36
27 30
27 38
28 10
28 11
28 21
28 24
28 32
28 29
28 39
28 45
29 10
29 11
29 12
29 21
29 24
29 28
29 32
29 38
29 39
29 45
30 3
30 12
30 24
30 27
30 36
30 38
30 41
31 8
31 16
31 19
31 20
31 22
32 10
32 11
32 28
32 29
32 33
32 38
32 39
33 10
33 15
33 18
33 19
33 22
33 25
33 26
33 32
33 50
34 16
34 20
34 35
35 23
35 34
35 47
36 5
36 27
36 30
36 38
37 2
37 4
37 9
37 13
38 3
38 5
38 12
38 27
38 29
38 30
38 32
38 36
39 10
39 11
39 15
39 21
39 24
39 25
39 28
39 29
39 32
39 45
40 6
40 14
40 17
40 49
40 48
40 44
41 3
41 12
41 30
41 44
42 7
42 18
42 19
42 26
42 43
42 50
43 7
43 18
43 19
43 26
43 42
43 50
44 6
44 40
44 41
44 48
45 1
45 11
45 21
45 24
45 28
45 29
45 39
45 46
46 1
46 21
46 45
47 2
47 9
47 23
47 35
48 6
48 40
48 44
49 13
49 14
49 17
49 40
50 7
50 15
50 18
50 19
50 25
50 26
50 33
50 42
50 43
